64 7 229 18 122 103 16 
9 2 5 10 11 3 1 
33 284 30 79 188 47 17 
33 39 469 82 113 35 17 
103 110 30 140 112 164 120 
103 110 103 140 188 3 325 
7 2 471 10 716 37 1 
7 2 358 2 188 3 1 
7 2 6 10 716 37 1 
8 2 27 64 11 3 1 
9 2 6 15 104 3 6 
9 2 58 15 104 3 6 
2 29 4 133 74 80 23 
8 52 57 28 129 25 23 
406 114 2 2 2 3 117 
23 165 106 4 261 7 1 
9 2 470 10 10 59 147 
288 388 29 28 42 450 35 
288 388 29 28 74 450 51 
406 114 2 2 2 3 147 
9 117 5 10 11 3 3 
7 551 5 2 640 3 6 
33 38 226 82 104 43 36 
33 38 30 628 104 35 36 
33 39 30 629 104 43 17 
33 38 30 79 563 43 17 
33 38 30 630 717 35 17 
33 39 30 82 104 567 17 
33 38 44 82 104 43 36 
33 38 44 82 189 44 36 
