7 17 2 15 6 3 12 
4 2 3 4 5 9 3 
4 7 41 4 2 7 1 
1 2 4 4 5 9 3 
2 1 21 3 6 1 5 
1 3 2 2 6 3 1 
10 33 22 49 43 82 31 
7 2 3 4 2 9 3 
1 1 2 3 6 1 3 
4 1 1 3 2 1 5 
43 1 1 3 2 9 5 
2 2 1 9 2 1 3 
1 2 3 4 5 11 6 
2 28 4 28 17 34 12 
31 4 5 2 2 1 5 
33 39 30 82 1 47 17 
33 39 30 82 113 47 3 
33 39 30 82 113 47 1 
2 4 1 4 19 92 5 
1 6 60 24 12 28 53 
1 3 6 4 10 91 3 
9 7 10 4 42 7 1 
9 17 2 2 11 12 6 
7 17 5 2 11 3 54 
1 6 60 24 12 28 25 
2 1 1 3 2 90 5 
73 4 2 4 19 3 6 
2 4 2 4 19 3 6 
4 7 10 4 117 7 1 
1 3 6 4 54 91 3 
