7 4 1 68 11 58 12 
7 2 42 4 4 12 8 
7 172 21 49 125 224 51 
2 1 12 3 2 1 23 
24 25 2 2 89 120 6 
99 127 91 125 184 148 109 
222 2 3 4 5 9 3 
180 194 2 213 19 231 147 
7 4 27 68 11 1 6 
223 251 216 282 359 293 102 
192 295 216 332 359 293 102 
61 2 15 18 2 9 47 
1 282 3 4 5 9 3 
7 17 2 15 23 2 12 
2 75 4 48 11 4 1 
33 38 66 82 104 34 17 
7 28 4 18 17 34 12 
2 270 4 48 141 34 1 
2 4 2 4 19 3 1 
103 110 103 82 189 164 79 
8 115 57 15 127 29 35 
7 17 2 15 23 177 12 
6 5 2 2 3 3 2 
7 112 5 2 167 336 6 
2 112 1 2 7 1 5 
12 6 61 147 261 180 3 
2 2 2 3 2 3 5 
1 6 137 176 423 32 3 
2 173 1 3 2 1 6 
2 292 29 250 303 25 35 
