2 61 4 64 141 7 6 
7 36 5 10 11 37 1 
8 2 2 212 153 253 660 
9 17 2 2 153 3 1 
7 15 57 10 550 34 35 
33 39 65 375 113 47 17 
2 17 52 3 2 732 5 
1 685 6 4 3 3 3 
1 2 42 4 1025 9 467 
2 17 2 3 2 1 661 
32 39 30 82 1029 47 139 
7 71 5 62 1028 67 26 
33 39 631 544 104 43 17 
33 284 30 140 104 43 17 
33 732 30 82 113 332 17 
32 39 30 544 1026 43 17 
8 10 2 2 153 12 6 
2 1 45 3 2 3 5 
4 7 10 4 127 800 1 
2 61 4 64 982 7 23 
37 17 52 470 11 407 23 
8 23 163 496 89 3 6 
180 194 2 821 19 231 147 
33 39 30 140 113 44 17 
2 734 1 3 22 1 5 
32 39 30 823 104 43 36 
14 17 2 2 11 3 6 
9 2 2 6 11 133 6 
7 2 358 2 956 3 1 
2 1 1 3 1030 1 5 
