147 215 159 215 274 245 176 
86 86 201 271 166 280 76 
164 174 207 193 336 314 229 
10 33 22 49 43 82 186 
9 2 4 62 4 32 6 
24 2 16 2 4 3 6 
164 174 207 193 116 139 13 
2 4 5 2 2 1 236 
1 1 1 117 2 1 5 
1 1 5 4 5 9 5 
1 1 5 2 6 54 5 
1 1 5 2 6 3 5 
1 4 2 2 6 3 7 
1 4 2 2 67 3 6 
1 4 2 117 6 3 3 
1 4 2 2 7 1 5 
1 4 3 4 5 9 17 
1 10 3 264 5 9 3 
1 32 16 2 6 3 5 
1 157 30 4 5 9 17 
2 1 3 3 2 1 3 
2 1 21 82 2 1 5 
2 4 1 2 7 1 3 
2 4 2 2 6 3 3 
2 11 95 2 2 1 5 
2 40 2 2 6 1 5 
4 2 40 4 42 7 1 
7 21 5 62 4 1 44 
9 2 2 2 6 3 6 
10 1 5 3 2 1 5 
