2 4 2 4 425 3 6 
9 2 249 62 4 5 6 
2 1 3 3 2 1 5 
2 2 1 2 7 1 5 
7 2 12 2 11 3 6 
9 17 5 10 11 3 6 
7 17 12 2 10 1 6 
33 39 30 82 253 47 41 
53 38 44 82 118 47 36 
119 39 44 82 118 35 36 
33 157 30 82 113 47 17 
33 39 30 82 113 65 17 
33 39 30 140 104 47 41 
227 297 253 338 424 337 250 
64 22 212 100 134 301 60 
2 1 1 3 3 1 5 
2 15 4 105 126 24 23 
7 1 52 83 2 3 6 
2 1 12 121 2 1 5 
33 39 30 82 439 43 17 
1 2 4 62 4 5 17 
1 2 215 4 90 24 8 
2 1 12 3 11 1 6 
2 1 12 3 2 1 52 
2 1 12 3 357 1 5 
2 1 12 88 2 3 5 
2 1 21 3 62 1 5 
2 4 1 4 1 1 5 
2 4 12 2 2 1 5 
3 1 5 10 11 11 6 
