33 38 30 173 104 43 17 
33 160 30 82 118 44 36 
103 110 103 172 188 261 79 
33 39 30 82 104 35 68 
103 110 103 172 188 169 120 
32 160 44 82 118 44 36 
33 39 30 82 113 171 17 
7 4 5 2 11 3 165 
2 222 29 250 303 25 35 
63 223 179 251 304 262 166 
63 223 180 253 305 263 168 
63 223 181 254 306 264 167 
63 224 181 252 306 264 169 
63 223 182 251 306 265 170 
63 164 183 188 27 266 18 
10 27 178 19 10 5 7 
10 27 178 19 302 260 7 
62 4 176 2 2 1 5 
2 2 29 28 7 267 124 
9 10 2 2 11 51 5 
33 110 30 79 104 43 41 
1 1 5 17 11 11 8 
1 1 42 3 3 54 5 
1 1 42 4 98 58 5 
1 2 3 4 5 5 3 
1 3 2 4 3 3 3 
1 3 6 4 3 9 3 
1 3 6 4 11 48 8 
1 4 16 2 7 51 5 
2 1 1 3 7 1 34 
