112 22 22 108 159 558 16 
8 1 6 3 2 1 384 
124 39 30 82 247 47 17 
188 313 5 2 90 5 6 
361 39 30 82 113 47 17 
7 448 5 2 10 3 6 
55 21 2 566 11 37 3 
7 17 5 2 705 3 6 
3 495 5 10 11 68 6 
79 496 420 372 20 1 17 
121 497 421 567 706 560 94 
7 2 5 72 22 561 6 
121 498 422 568 707 562 419 
8 17 1 3 2 1 5 
2 2 2 10 22 59 5 
9 53 417 10 11 3 3 
7 53 2 10 11 3 12 
1 462 2 2 6 3 17 
1 4 2 2 6 81 17 
1 4 2 2 710 259 17 
1 23 16 603 6 18 332 
2 17 1 9 23 1 8 
3 1 424 17 11 11 6 
6 2 43 2 5 1 5 
7 4 5 25 11 1 5 
7 17 52 15 23 3 59 
8 1 5 3 7 1 1 
9 2 1 2 10 3 6 
24 17 2 2 23 3 3 
32 39 30 240 104 43 17 
