33 39 44 82 118 35 36 
53 39 30 196 244 44 135 
32 39 30 82 104 43 17 
33 39 30 115 189 43 17 
33 38 30 79 104 43 17 
33 38 153 82 104 43 17 
33 124 30 139 189 47 74 
33 39 155 79 243 43 17 
33 39 30 10 11 3 3 
33 39 65 140 104 43 17 
131 39 150 82 248 43 17 
33 39 66 174 104 43 136 
33 39 30 82 104 205 17 
33 39 30 82 188 43 41 
33 176 30 200 113 47 17 
2 4 4 191 13 112 57 
37 4 4 48 186 25 23 
2 61 4 48 187 25 64 
18 33 72 100 116 199 60 
33 39 66 174 65 43 41 
33 39 65 140 247 3 17 
10 33 72 100 116 199 6 
35 2 8 199 121 46 21 
33 39 30 79 104 85 17 
87 39 30 79 104 35 17 
10 27 156 19 10 5 7 
53 38 30 81 104 85 36 
66 39 30 79 104 47 17 
33 39 30 79 210 35 17 
118 39 30 202 104 47 17 
