7 4 2 68 11 3 6 
9 17 1 53 151 3 6 
7 53 27 15 11 3 3 
9 2 5 68 10 5 1 
24 52 57 26 127 29 23 
24 2 16 2 10 3 1 
9 2 5 2 11 5 6 
7 17 52 72 22 3 6 
9 17 5 10 350 3 6 
14 21 5 10 86 3 6 
7 4 2 2 11 3 6 
24 30 2 312 11 59 6 
2 75 4 48 141 24 1 
8 21 2 313 153 253 147 
2 4 1 2 19 62 5 
2 17 2 2 2 1 5 
2 1 1 3 393 318 5 
2 1 12 3 2 20 5 
2 1 2 137 2 3 5 
4 7 10 2 1 292 1 
1 17 2 4 2 3 5 
2 55 5 10 102 87 8 
2 2 21 3 2 1 6 
2 4 1 62 7 1 5 
47 55 5 10 11 1 8 
24 21 2 2 89 5 6 
47 55 5 10 11 48 1 
190 55 5 10 11 68 6 
33 55 1 3 2 1 74 
2 21 5 37 60 3 5 
