53 38 123 81 118 85 36 
33 153 30 82 113 35 17 
32 39 30 78 104 44 17 
33 39 30 174 104 43 17 
33 153 44 82 104 43 36 
159 39 30 82 104 43 17 
32 38 30 82 113 47 17 
33 39 134 82 104 47 68 
33 38 30 82 104 117 36 
33 39 30 240 104 43 17 
33 38 30 82 104 47 68 
33 39 134 82 113 117 68 
33 38 30 82 113 35 17 
33 38 30 82 104 305 68 
33 39 30 82 104 35 36 
33 39 30 174 104 35 36 
33 39 123 81 104 35 36 
33 38 30 82 113 47 17 
33 38 30 174 104 43 17 
32 39 30 174 104 44 17 
33 38 224 173 104 35 68 
33 262 30 82 104 117 17 
33 263 44 174 104 43 17 
33 39 30 82 104 225 68 
32 39 30 82 104 44 17 
33 39 134 300 113 44 36 
33 39 30 82 118 85 36 
33 39 30 174 104 44 17 
33 39 30 301 113 43 17 
53 39 44 82 104 56 36 
