47 55 5 10 11 48 6 
2 61 4 399 372 99 125 
4 7 10 79 1 7 1 
8 10 2 2 11 5 6 
8 17 2 2 11 59 12 
22 61 4 4 74 25 23 
7 2 2 2 135 3 1 
2 1 4 28 58 29 58 
24 17 2 15 23 534 12 
43 336 5 365 125 25 57 
232 2 42 248 90 25 8 
66 464 30 82 104 47 17 
2 28 4 28 127 55 23 
1 33 22 18 116 10 47 
124 66 30 79 189 47 17 
347 7 40 4 42 7 1 
32 38 30 82 113 43 17 
33 66 30 192 188 44 17 
33 39 30 528 113 47 17 
63 223 181 252 306 264 169 
7 2 1 2 11 3 6 
2 1 1 529 2 1 5 
145 465 401 527 284 63 397 
2 75 4 2 141 34 1 
63 223 181 498 306 264 169 
325 223 365 253 27 263 168 
2 364 400 38 141 3 35 
64 33 22 100 667 17 16 
32 153 30 82 113 43 36 
7 75 4 2 141 3 1 
