2 1 12 3 366 1 5 
2 75 4 4 1 34 1 
2 1 5 3 2 1 195 
7 2 5 2 342 3 6 
22 29 75 48 341 5 23 
1 2 42 4 98 12 34 
4 7 10 4 1 174 1 
64 105 85 77 19 103 16 
2 17 12 3 126 1 5 
2 4 2 4 94 3 6 
18 22 22 18 410 103 9 
18 2 100 98 138 86 16 
2 61 4 64 2 7 23 
18 33 22 288 122 17 243 
214 15 4 48 126 25 23 
7 287 5 2 135 3 26 
55 172 21 49 22 48 23 
55 38 30 82 104 30 17 
2 4 5 2 1 1 5 
4 7 10 4 51 1 1 
18 22 77 98 122 94 16 
18 33 72 325 116 104 6 
7 4 52 2 11 1 5 
7 55 5 10 11 68 6 
7 4 5 68 11 3 5 
2 71 1 62 4 67 6 
2 1 12 3 310 1 5 
10 81 50 99 120 51 52 
1 4 2 4 6 3 38 
7 17 5 2 13 3 6 
