17 342 8 5 8 2 21 
2 28 4 28 74 25 125 
7 3 6 4 3 3 3 
7 78 42 4 106 12 5 
4 7 10 4 1 10 26 
84 106 29 28 136 1 6 
2 4 2 4 19 1 6 
114 195 103 140 459 164 79 
33 39 30 82 113 43 74 
2 28 6 28 2 1 1 
7 17 5 3 149 1 5 
2 1 41 3 2 1 5 
7 17 5 62 1 12 6 
8 10 2 4 11 7 1 
7 28 4 4 17 7 12 
114 28 4 28 74 25 125 
7 21 5 37 60 1 5 
7 84 5 10 119 178 8 
33 39 30 82 475 43 17 
33 39 30 82 476 43 17 
1 172 95 62 477 32 147 
84 61 29 64 74 29 23 
22 61 29 26 127 29 23 
2 25 2 283 2 3 5 
103 110 103 350 4 368 79 
33 153 44 82 113 43 17 
33 153 44 82 104 43 17 
33 39 30 82 104 225 211 
33 38 44 82 113 43 17 
33 38 30 81 104 394 17 
