7 84 5 2 19 3 26 
2 4 1 2 7 47 5 
2 4 1 4 19 47 5 
172 114 16 298 13 61 70 
64 70 22 98 123 124 16 
84 106 29 28 136 3 35 
1 2 3 4 5 9 5 
2 1 1 3 492 1 5 
22 61 4 28 74 99 35 
10 2 50 62 120 76 52 
4 112 5 62 11 3 6 
14 17 5 2 104 67 6 
1 4 2 2 6 3 122 
14 17 5 2 11 43 6 
24 10 2 3 11 12 6 
4 7 40 48 42 58 1 
172 4 1 68 11 1 6 
2 1 1 3 2 51 5 
2 1 12 3 7 5 5 
4 7 143 2 1 12 1 
7 2 5 2 10 1 6 
7 4 5 2 11 3 5 
1 2 42 62 394 1 59 
2 1 1 66 2 1 5 
9 2 4 62 148 5 6 
2 75 4 62 141 3 1 
8 75 6 2 2 7 12 
7 53 2 82 23 3 12 
24 2 2 2 11 1 1 
8 10 2 2 11 9 6 
