578 143 116 151 198 189 33 
98 122 98 891 180 150 113 
35 5 8 51 8 2 21 
64 226 203 189 652 54 16 
18 33 72 98 116 871 6 
577 2 397 91 884 748 51 
80 70 164 98 123 229 16 
64 33 78 18 1136 86 16 
17 2 670 5 8 2 4 
4 43 9 5 8 46 21 
9 61 2 28 11 59 35 
24 258 2 2 89 3 6 
33 796 30 82 113 47 17 
2 1 218 3 2 1 5 
8 17 2 2 23 59 6 
2 15 4 105 126 25 23 
10 2 2 2 10 20 1 
2 4 5 24 7 1 5 
33 39 30 79 104 283 17 
33 39 103 79 619 47 41 
33 39 103 82 104 35 17 
33 39 30 82 113 47 326 
114 110 30 140 11 164 307 
103 110 30 140 113 168 17 
130 177 88 691 1142 130 76 
579 797 87 198 162 129 95 
86 228 88 221 598 278 76 
7 2 1 10 156 3 6 
114 39 30 82 104 43 17 
86 177 87 276 140 126 194 
