33 39 128 82 113 47 36 
33 219 30 79 104 43 17 
32 39 30 79 104 43 17 
33 39 30 82 104 219 139 
33 38 44 79 104 44 68 
1 3 2 83 2 3 6 
33 176 380 82 113 43 17 
103 110 103 171 188 261 79 
2 654 2 3 2 231 5 
33 38 134 79 104 43 17 
1 2 10 3 5 9 3 
33 39 134 82 104 35 68 
53 38 473 82 104 44 36 
33 39 30 544 113 43 17 
527 38 30 82 113 43 36 
33 39 30 79 1056 206 325 
8 61 42 64 220 24 6 
1 3 309 4 3 3 3 
1 17 3 2 11 9 6 
37 61 4 64 74 7 23 
33 38 44 82 113 43 132 
33 39 30 174 104 35 132 
2 257 80 243 2 25 212 
448 39 30 174 104 35 17 
32 39 30 174 118 225 17 
103 110 30 140 1152 25 79 
103 110 30 140 1152 696 307 
1 2 1 3 5 9 5 
33 153 30 115 113 44 17 
33 38 30 78 118 35 17 
