33 39 30 82 113 35 68 
432 793 2 2 11 59 6 
7 17 5 2 188 3 6 
2 10 10 1 1 737 1 
33 39 30 82 350 3 17 
8 10 2 2 10 12 713 
7 10 2 2 1047 12 6 
8 10 89 2 10 12 713 
2 17 12 3 2 3 5 
1 1 2 2 225 3 38 
2 10 2 3 2 1 6 
8 17 2 2 2 59 12 
33 38 30 82 113 43 68 
7 112 5 3 167 67 6 
552 2 2 2 135 3 1 
406 17 2 2 2 59 6 
103 103 2 26 135 25 23 
24 25 2 2 10 3 1 
9 17 21 28 11 3 3 
2 1 1 3 119 1 1 
24 17 1 2 2 3 6 
37 7 57 4 129 7 1 
24 17 12 2 2 12 1 
250 794 20 100 134 593 16 
33 110 103 159 210 164 79 
9 17 27 53 11 870 6 
469 2 5 10 11 3 1 
9 2 5 72 2 5 6 
7 17 2 10 89 3 3 
48 4 5 62 11 67 1 
