33 39 30 82 678 35 17 
129 39 134 82 104 35 17 
103 110 103 350 188 368 400 
170 39 30 82 679 43 17 
160 84 5 10 13 1 5 
24 2 2 72 127 405 6 
103 110 30 140 188 164 39 
145 337 378 219 630 477 185 
250 22 395 18 134 531 60 
8 2 5 525 11 3 1 
9 17 5 10 10 3 3 
8 17 2 2 86 3 1 
33 39 65 79 504 85 41 
24 17 2 2 2 3 1 
33 195 30 82 104 43 17 
87 39 30 391 104 47 17 
7 471 5 2 10 3 6 
2 28 4 28 363 3 5 
2 1 12 3 2 90 5 
160 84 5 10 11 59 5 
188 313 5 2 89 59 6 
6 4 5 2 2 539 5 
7 475 5 2 10 3 6 
37 29 4 28 470 80 23 
337 39 5 79 13 3 3 
33 39 52 79 11 3 6 
8 2 79 536 153 253 147 
37 476 292 28 10 3 23 
8 52 4 64 127 540 6 
7 53 5 15 11 3 3 
