33 38 37 82 104 117 17 
33 38 132 82 104 85 17 
32 38 44 82 113 43 36 
33 39 30 82 104 171 17 
33 39 30 82 104 85 17 
33 38 30 82 118 35 17 
33 38 32 82 104 35 68 
53 39 44 82 118 35 17 
33 38 37 78 104 35 17 
53 39 44 82 104 35 36 
53 39 37 82 104 85 17 
33 39 46 82 104 44 17 
32 38 30 167 104 35 17 
58 38 30 167 118 35 17 
33 38 37 82 104 85 68 
2 59 4 187 131 24 57 
2 165 73 147 220 190 104 
63 164 141 188 27 179 18 
2 1 1 2 2 1 5 
6 4 5 2 11 1 5 
2 7 12 3 2 1 5 
7 4 5 2 11 3 106 
33 153 30 82 104 85 17 
33 39 30 82 104 117 17 
33 39 30 82 113 117 17 
33 153 30 173 217 44 68 
33 38 30 167 104 43 17 
53 38 44 82 118 117 36 
53 38 30 81 118 35 36 
53 38 30 82 104 35 36 
