81 104 69 691 143 43 67 
181 17 218 10 11 3 6 
7 688 5 2 10 1 6 
7 688 5 2 10 3 6 
7 688 5 2 10 3 12 
7 71 5 190 11 67 6 
7 71 5 62 11 739 6 
506 39 65 79 113 47 17 
8 71 5 2 10 3 6 
8 71 5 2 159 3 6 
121 692 590 768 950 744 609 
128 337 592 769 951 745 611 
33 39 30 770 104 746 17 
33 39 66 174 952 43 41 
7 17 95 10 10 3 378 
7 2 2 2 10 3 6 
32 39 30 82 113 44 17 
33 39 30 79 112 64 139 
43 176 30 82 163 47 139 
33 39 30 140 104 44 17 
7 114 5 2 13 3 6 
7 348 292 470 485 29 23 
2 61 4 64 956 7 23 
10 33 22 49 101 9 31 
10 33 22 97 43 9 31 
103 110 30 140 113 164 79 
103 110 30 140 104 164 79 
103 110 103 140 210 164 79 
7 2 5 775 156 3 6 
508 110 30 140 210 164 79 
