9 53 2 72 11 3 6 
8 419 2 2 11 12 6 
24 2 2 10 10 3 5 
237 165 254 340 433 485 349 
2 4 84 459 126 25 57 
18 33 22 460 586 486 6 
1 1 42 4 3 58 351 
8 2 255 212 309 253 147 
8 17 5 2 5 3 1 
4 7 10 67 42 7 1 
7 84 42 62 11 67 6 
22 2 27 297 2 436 5 
61 70 22 18 2 1 47 
32 66 122 192 189 44 17 
2 27 30 78 104 122 17 
9 17 5 10 151 61 3 
2 421 4 64 332 7 23 
8 10 2 2 11 487 6 
18 93 20 108 138 107 61 
8 2 52 10 10 3 6 
8 10 2 4 11 12 335 
4 2 10 4 42 7 1 
10 31 95 129 101 45 49 
314 420 78 463 205 86 16 
309 39 69 447 589 35 352 
2 1 5 462 2 1 5 
2 1 12 462 2 1 5 
2 59 4 38 10 488 35 
7 114 2 83 2 3 6 
7 17 5 2 22 5 1 
