64 99 78 104 139 108 16 
2 1 42 3 2 1 5 
2 1 12 5 2 1 5 
2 4 1 3 7 1 5 
4 7 73 4 1 7 1 
2 4 1 2 5 1 5 
2 17 2 3 11 1 5 
1 3 2 16 6 3 7 
55 21 27 10 147 37 6 
2 4 1 2 7 2 5 
64 22 71 98 94 118 5 
2 4 2 2 6 3 65 
10 27 43 19 6 18 6 
33 38 30 82 104 43 17 
33 39 30 79 104 35 17 
2 1 1 3 2 1 66 
9 2 4 6 4 5 8 
2 2 5 2 2 1 5 
7 17 2 15 11 3 12 
33 39 30 79 113 47 17 
2 1 42 3 148 1 5 
47 55 5 10 11 3 8 
8 2 5 53 2 3 1 
1 4 2 117 6 3 17 
19 24 23 20 26 16 5 
33 110 30 116 104 47 41 
33 38 30 115 104 85 17 
81 104 81 113 143 119 67 
18 109 82 24 138 61 16 
2 111 21 3 2 1 5 
