22 28 4 399 372 432 35 
2 28 4 399 372 99 35 
64 22 22 403 242 204 16 
22 28 4 28 74 99 35 
37 61 316 404 521 29 23 
37 52 4 26 129 29 23 
22 52 4 373 522 25 35 
22 201 315 64 127 25 23 
2 1 1 3 2 431 5 
2 28 4 405 154 25 35 
22 28 4 243 17 29 35 
22 28 80 243 17 25 35 
2 28 21 399 372 432 35 
22 365 4 64 74 25 23 
2 28 220 405 74 25 35 
2 28 4 406 154 25 35 
2 126 4 28 141 25 35 
22 28 4 62 490 99 35 
22 28 4 399 372 99 35 
22 61 4 26 523 25 35 
1 7 10 4 261 7 1 
76 22 20 98 134 101 16 
2 1 21 4 464 7 5 
37 28 220 26 127 25 35 
7 187 21 49 74 25 51 
2 1 4 28 524 25 58 
8 17 317 53 11 3 1 
2 25 4 2 154 25 35 
47 2 5 10 11 48 51 
275 84 5 10 119 178 26 
