7 112 5 62 23 67 380 
7 2 2 15 10 3 3 
37 61 4 64 141 3 35 
8 17 2 2 2 12 6 
2 61 4 64 351 7 23 
1 39 6 4 3 3 3 
33 39 30 544 113 3 17 
24 526 456 2 10 3 1 
24 526 449 2 10 3 1 
172 2 456 2 11 5 6 
7 114 358 2 188 3 1 
33 39 2 79 112 64 17 
8 490 292 64 126 25 421 
8 2 27 10 350 3 1 
37 61 292 470 38 25 58 
2 114 2 15 258 1 5 
7 114 456 2 188 3 1 
8 455 291 494 127 24 35 
9 53 2 10 129 3 3 
7 2 27 2 10 3 6 
24 30 2 2 11 3 26 
504 52 57 26 176 29 23 
33 39 30 677 104 43 17 
33 38 30 79 104 47 17 
37 61 4 64 141 7 23 
33 39 30 82 113 85 139 
2 21 4 64 141 7 23 
7 28 29 64 17 3 35 
33 66 30 79 104 47 17 
37 28 120 28 127 3 12 
