1 4 2 4 3 1 6 
6 4 5 2 2 1 5 
2 6 8 5 8 25 1 
2 1 1 3 2 1 27 
2 21 5 37 2 1 7 
31 59 4 38 17 12 35 
30 37 30 32 11 35 6 
4 73 10 4 1 7 1 
7 17 27 86 11 3 6 
28 34 27 34 45 36 26 
7 2 6 10 10 37 1 
1 6 22 24 12 28 1 
7 2 5 6 11 3 6 
2 4 1 42 20 3 5 
2 21 5 37 2 39 5 
17 2 1 5 2 1 5 
4 7 10 4 42 7 1 
33 39 30 2 48 35 17 
32 38 30 41 49 35 28 
2 31 12 5 20 1 5 
2 1 10 3 2 1 5 
36 4 1 2 7 1 5 
2 2 8 47 8 2 5 
17 2 8 5 8 2 21 
4 4 36 5 57 45 31 
14 7 10 4 1 7 1 
7 40 1 15 56 3 12 
2 1 6 3 2 1 5 
1 3 33 4 54 3 3 
4 38 30 15 12 44 1 
