24 526 2 82 10 3 1 
7 110 30 140 188 164 79 
7 84 5 4 11 3 6 
37 476 4 28 682 25 147 
103 84 30 140 188 164 79 
363 500 292 48 485 24 147 
2 2 5 121 42 1 6 
67 21 2 10 153 253 147 
103 17 255 2 86 3 1 
33 176 30 2 10 3 1 
67 481 2 407 153 307 147 
24 526 2 2 86 3 1 
14 2 6 15 22 3 6 
2 114 4 3 154 25 35 
14 17 5 2 294 3 6 
9 201 243 28 351 24 40 
55 172 21 4 125 83 51 
57 15 4 38 11 48 35 
2 4 1 2 23 1 5 
2 4 1 2 728 1 5 
2 4 5 2 2 1 457 
7 112 5 62 2 67 6 
62 15 4 598 2 3 6 
7 112 2 15 13 3 12 
55 172 21 4 2 83 51 
9 2 2 10 11 3 6 
2 125 4 600 74 29 23 
7 17 2 15 13 1 12 
8 84 5 10 10 178 26 
33 39 30 82 4 47 6 
