2 75 80 4 141 34 1 
2 1 21 3 2 5 5 
33 38 30 82 104 117 17 
33 39 37 82 104 43 68 
33 39 47 82 104 43 36 
33 153 30 82 118 43 17 
33 39 44 82 104 35 36 
33 39 46 174 104 35 17 
33 38 46 82 104 117 17 
32 39 115 115 104 85 17 
33 38 44 82 104 117 36 
33 38 46 82 104 173 17 
33 39 46 82 104 47 17 
33 39 132 82 104 44 17 
33 39 134 174 104 43 68 
53 38 30 81 118 85 36 
33 39 30 79 104 56 17 
53 38 30 81 118 43 36 
33 39 44 82 189 35 36 
32 153 30 82 104 44 36 
33 39 30 174 118 35 17 
33 39 30 82 118 35 36 
33 39 134 82 104 56 17 
32 38 44 82 104 43 17 
33 39 134 161 118 43 17 
33 39 44 82 104 44 17 
33 39 46 82 104 43 68 
33 153 30 82 104 44 17 
33 38 30 82 104 173 17 
33 39 46 82 113 35 17 
