8 10 2 210 11 12 35 
33 39 30 82 113 44 3 
226 39 30 82 189 43 6 
10 66 16 19 10 5 7 
9 2 52 10 10 3 1 
2 15 4 3 154 7 35 
9 21 2 10 22 3 6 
33 110 30 116 113 47 17 
185 2 27 62 4 5 12 
7 15 5 62 4 3 6 
33 39 65 79 11 47 17 
4 7 10 4 67 7 1 
64 89 22 100 134 103 16 
103 17 5 2 10 3 6 
7 289 16 15 2 3 12 
8 17 5 10 151 61 3 
33 39 30 82 23 287 17 
232 2 42 4 90 25 8 
9 2 1 10 10 3 5 
24 2 52 2 10 3 1 
2 14 1 3 2 1 5 
62 4 5 2 2 7 5 
25 7 61 264 408 317 6 
24 2 2 2 10 3 5 
2 2 5 3 20 1 5 
33 66 30 192 189 43 17 
2 21 30 116 113 47 17 
2 1 27 3 148 1 5 
18 89 20 98 122 254 16 
2 39 30 79 113 43 17 
