2 231 4 48 90 67 1 
2 7 4 2 141 34 1 
7 17 5 2 11 3 1 
33 38 134 240 113 47 36 
361 153 30 82 113 47 68 
33 39 134 82 104 35 17 
7 2 5 10 119 178 26 
2 1 21 20 2 1 5 
8 17 2 72 11 12 6 
2 1 456 610 496 577 5 
18 33 85 100 116 586 6 
18 22 22 98 743 17 16 
1 2 3 4 744 9 3 
2 14 1 611 7 1 5 
2 533 79 71 2 1 5 
1 2 42 4 3 587 3 
4 7 455 62 731 25 104 
4 7 455 62 733 25 104 
33 176 30 82 11 43 17 
10 1 29 19 10 5 7 
2 1 1 606 140 3 5 
32 42 30 82 11 43 17 
1 4 2 9 6 3 17 
4 534 10 4 1 7 1 
33 39 65 79 745 77 17 
175 6 5 282 261 7 3 
2 23 21 3 2 1 5 
175 251 457 282 359 293 102 
2 1 5 10 10 1 5 
7 84 5 25 13 1 5 
