2 17 5 10 350 3 3 
4 2 4 62 4 1 12 
2 17 4 15 23 3 12 
1 1 3 4 2 1 5 
53 38 30 82 104 43 36 
2 75 4 439 141 34 12 
2 112 42 62 11 67 6 
10 23 16 19 6 18 332 
33 39 30 81 561 47 17 
1 4 2 2 565 3 17 
53 38 30 81 566 71 36 
182 1 2 83 2 3 6 
12 7 10 264 42 7 1 
2 1 21 3 2 470 5 
7 17 2 15 10 3 12 
24 2 2 2 10 1 1 
1 27 3 4 5 9 3 
7 2 5 4 3 3 6 
2 4 1 80 7 1 5 
8 3 2 2 312 12 6 
9 53 2 3 312 3 3 
7 53 2 10 11 3 6 
9 2 4 62 4 51 1 
9 2 4 2 4 59 6 
7 4 5 4 19 62 5 
2 4 1 4 2 1 5 
2 4 4 2 7 1 5 
4 1 12 3 2 1 12 
7 35 2 15 205 3 12 
7 17 10 15 23 3 12 
