18 17 5 10 11 3 6 
2 21 12 62 11 359 6 
2 1 259 3 2 1 5 
8 315 2 2 11 12 6 
10 81 50 4 120 76 5 
2 17 21 3 2 1 5 
1 4 1 4 19 62 5 
4 1 6 3 2 1 5 
18 22 30 345 1 7 47 
238 106 29 28 74 161 87 
48 7 10 346 1 7 1 
9 316 4 62 4 5 6 
1 4 2 2 446 3 17 
2 1 12 3 447 1 5 
10 1 16 19 448 5 7 
33 283 16 82 6 3 17 
1 317 2 2 6 3 17 
239 27 16 19 10 5 7 
1 4 2 348 6 3 17 
175 6 5 282 261 7 262 
175 318 216 282 359 293 102 
4 319 10 4 1 7 1 
27 8 34 6 39 88 3 
37 52 57 26 129 29 1 
4 7 260 4 1 7 1 
64 83 112 100 134 103 16 
4 7 50 4 1 7 1 
84 106 29 28 1 1 35 
2 1 2 3 19 68 6 
14 4 1 3 19 1 5 
