94 117 90 125 174 147 100 
84 141 29 144 74 183 90 
97 131 108 180 200 149 91 
2 15 4 48 229 25 23 
84 141 29 144 74 99 90 
97 131 108 177 200 149 91 
2 21 2 48 89 34 6 
2 63 1 93 11 3 6 
2 1 5 10 2 1 5 
2 1 12 3 2 1 6 
10 107 43 19 6 18 7 
33 124 30 84 189 47 74 
4 7 10 4 1 20 1 
9 2 42 4 11 9 5 
24 2 2 15 23 3 12 
33 2 42 4 90 25 8 
10 119 50 126 171 194 112 
106 137 108 135 201 155 83 
100 142 93 179 190 145 81 
1 2 42 4 235 40 3 
64 33 20 181 122 17 16 
9 2 5 15 22 3 46 
4 7 143 4 2 7 1 
24 2 5 72 2 5 6 
9 2 2 2 11 195 6 
111 33 78 184 122 17 16 
1 2 42 4 153 9 8 
2 1 5 2 11 90 26 
7 28 53 28 17 34 12 
9 2 2 185 11 5 6 
