2 1 1 560 2 1 5 
2 494 1 3 2 1 5 
2 1 1 563 2 309 5 
2 1 5 3 2 1 418 
7 97 21 2 135 1 26 
7 4 52 68 11 58 6 
7 2 5 562 10 3 404 
8 39 30 82 104 43 17 
9 17 2 10 11 3 1 
9 2 4 564 4 5 6 
14 4 10 4 7 1 1 
14 4 2 4 42 7 1 
18 81 203 143 134 153 417 
19 24 23 20 704 16 15 
24 2 2 15 10 3 1 
24 2 2 2 10 3 416 
32 39 44 82 113 47 36 
33 39 10 4 42 7 1 
33 39 418 82 104 85 17 
33 176 30 79 104 559 41 
33 39 30 561 113 43 17 
1 2 3 539 5 9 3 
33 39 30 115 619 43 17 
33 39 419 82 113 43 17 
33 39 30 140 188 56 17 
33 39 30 240 104 44 17 
33 39 30 565 104 47 17 
33 39 30 82 113 214 17 
33 39 5 82 2 1 17 
57 17 2 2 11 12 8 
