1 4 2 2 22 3 17 
10 27 43 392 10 18 7 
4 7 10 4 1 110 1 
10 54 43 4 10 56 130 
2 75 4 28 141 25 1 
181 17 5 10 11 3 6 
2 1 5 72 11 1 5 
114 195 103 140 104 164 79 
9 2 2 2 11 59 6 
33 66 30 192 189 85 17 
2 1 1 3 2 411 5 
23 7 2 4 1 30 1 
2 22 4 3 2 61 5 
7 2 4 72 22 102 6 
53 38 30 81 104 225 36 
2 4 1 4 19 62 195 
22 201 29 64 127 7 23 
1 2 30 4 5 9 3 
8 10 43 2 11 12 6 
8 1 12 3 2 1 5 
2 1 1 3 346 1 3 
2 1 1 3 497 1 3 
2 4 5 25 11 3 293 
4 7 6 4 42 7 1 
8 17 5 53 2 3 1 
2 4 2 4 11 3 6 
4 280 10 4 1 7 1 
7 17 5 28 1 67 6 
281 52 29 48 127 99 23 
9 2 27 62 4 5 6 
