18 89 398 109 122 86 16 
1 7 59 2 10 5 7 
18 70 22 109 670 94 171 
32 38 30 82 152 35 36 
33 38 30 82 104 394 17 
33 38 30 82 104 394 36 
33 38 30 82 242 117 17 
33 39 30 78 104 47 132 
33 39 30 81 113 43 17 
33 39 44 82 118 43 17 
33 39 402 82 104 47 17 
33 39 402 82 113 43 17 
33 153 30 79 104 35 36 
33 262 30 78 104 43 17 
33 262 30 82 104 43 17 
53 466 30 82 113 43 17 
53 39 30 81 118 35 36 
64 22 203 516 134 103 60 
64 89 20 100 134 101 16 
64 95 77 98 134 94 16 
64 105 20 77 94 103 16 
64 467 71 100 134 101 16 
86 86 88 518 164 277 76 
104 7 10 4 656 7 1 
159 39 30 82 104 35 17 
159 39 30 82 113 47 17 
204 456 403 308 661 316 230 
124 39 30 82 188 47 74 
7 71 5 62 11 178 6 
7 71 5 2 11 67 6 
