118 39 30 79 152 47 17 
4 43 10 4 1 7 1 
9 53 5 10 167 3 3 
181 53 2 53 312 762 3 
7 84 5 10 119 307 26 
2 4 1 2 7 100 5 
103 110 103 140 104 168 41 
33 39 30 82 113 751 41 
2 1 52 3 89 100 5 
33 39 30 82 211 47 17 
2 1 2 4 10 3 6 
79 1 2 3 2 1 5 
7 2 5 10 11 3 1 
33 39 66 82 113 85 17 
103 110 30 140 189 164 79 
33 39 122 79 113 47 17 
2 403 29 64 90 407 35 
32 39 30 82 113 47 325 
8 2 2 10 238 384 147 
9 53 2 53 90 3 3 
8 4 5 53 11 3 1 
1 3 3 3 5 9 3 
24 17 420 15 23 25 12 
10 35 2 2 674 3 6 
33 39 30 82 596 47 17 
7 2 5 2 10 556 6 
8 2 2 212 11 253 606 
4 1 1 3 140 3 5 
169 2 5 10 11 256 6 
9 2 1 10 11 3 1 
