2 1 1 3 2 1 301 
2 1 12 15 2 1 5 
64 89 77 100 94 464 16 
9 61 21 28 11 3 35 
24 65 2 2 89 55 6 
8 17 2 2 89 59 6 
2 17 2 2 89 3 6 
297 22 22 440 116 375 334 
8 17 2 2 2 3 6 
9 97 5 10 2 12 3 
2 2 4 62 4 5 17 
24 2 12 2 11 3 1 
2 10 10 1 1 7 1 
9 4 2 3 2 1 5 
8 17 2 2 11 59 6 
24 17 12 2 23 3 1 
9 10 6 15 22 59 6 
24 2 2 2 23 3 1 
24 65 2 2 11 59 6 
4 7 10 4 1 7 38 
84 141 29 28 526 465 90 
2 103 2 28 17 34 23 
33 39 30 115 113 85 38 
33 110 241 116 189 43 41 
2 1 5 3 60 1 5 
24 2 248 2 10 3 1 
7 1 2 15 23 3 6 
4 7 10 4 344 7 1 
47 2 2 10 11 48 8 
29 7 12 4 42 51 1 
