1 3 6 4 3 3 275 
7 21 5 2 10 1 6 
7 4 5 68 11 3 6 
79 21 2 10 11 68 8 
1 2 42 4 5 9 3 
8 2 2 53 11 3 1 
7 4 2 68 11 3 5 
160 84 5 267 11 3 5 
33 39 30 369 104 43 17 
77 338 2 2 89 59 6 
249 4 5 93 11 3 6 
2 27 1 4 19 1 5 
166 7 10 4 42 51 1 
24 30 2 2 11 120 6 
251 337 195 367 284 245 274 
24 30 2 2 89 59 1 
14 2 5 72 2 383 6 
33 39 30 79 104 3 17 
18 2 22 104 1 86 31 
33 39 30 115 104 47 41 
2 59 4 27 126 25 23 
131 38 30 186 104 3 41 
18 33 72 364 116 382 6 
18 22 22 97 115 387 47 
18 22 275 104 2 94 5 
18 70 22 97 115 388 47 
83 10 5 10 11 3 46 
2 1 4 28 58 25 23 
2 61 4 3 2 25 23 
37 4 10 48 58 80 23 
