2 15 4 64 90 34 35 
2 17 5 2 23 59 6 
2 28 4 762 363 25 35 
2 61 1 5 2 1 5 
7 2 5 740 10 3 6 
7 28 4 28 58 99 35 
7 61 5 3 154 25 23 
7 195 103 140 188 164 79 
8 17 2 732 10 59 6 
9 2 2 15 11 5 6 
9 25 4 28 363 99 35 
18 89 77 98 138 17 16 
22 1 4 26 363 3 6 
22 28 2 28 363 99 35 
22 28 353 28 890 99 35 
24 27 59 19 10 5 7 
32 39 30 82 104 117 17 
33 39 30 82 113 214 36 
33 39 30 677 113 206 17 
33 39 65 140 113 43 17 
33 66 30 79 113 47 17 
62 4 5 2 366 1 5 
62 25 5 2 2 1 5 
69 61 61 6 97 89 48 
292 39 30 79 113 43 17 
292 66 30 79 113 47 17 
8 61 12 496 188 25 6 
37 663 292 26 485 29 23 
2 486 4 28 129 25 23 
7 17 2 10 11 25 12 
