2 3 1 2 7 1 5 
57 17 2 66 11 12 6 
2 2 5 71 2 1 5 
7 1 21 3 2 1 1 
1 3 5 4 3 3 3 
4 7 40 4 1 13 5 
6 17 1 15 23 3 12 
7 3 1 4 10 1 5 
25 62 43 19 6 22 7 
10 27 43 19 4 22 7 
10 27 25 4 10 22 7 
10 27 59 4 10 5 7 
10 27 16 4 6 22 7 
1 27 2 2 6 3 28 
33 39 65 79 111 7 17 
10 27 43 19 10 18 7 
10 27 25 19 10 3 7 
10 62 43 7 6 5 7 
2 1 5 9 2 54 5 
9 2 4 62 4 5 3 
2 1 21 4 2 1 5 
2 21 5 37 2 1 1 
17 5 8 5 8 2 4 
4 7 40 92 42 51 1 
9 2 4 38 4 5 6 
2 59 4 62 17 12 35 
1 3 6 4 3 3 1 
1 4 64 2 6 3 17 
2 80 5 3 2 3 5 
3 1 5 17 2 11 6 
