27 2 22 104 43 86 31 
7 17 5 10 11 3 6 
7 17 5 10 10 177 6 
28 34 27 33 223 182 33 
9 17 2 10 227 3 6 
94 117 97 125 174 147 100 
18 21 22 104 134 101 60 
33 158 30 82 104 193 17 
103 110 30 140 104 164 120 
33 38 30 81 104 85 36 
33 39 30 140 104 43 119 
103 110 130 140 188 172 120 
81 155 30 163 231 43 93 
1 1 2 2 225 3 17 
81 159 147 168 234 43 98 
33 38 30 173 214 35 68 
33 39 30 82 113 43 122 
33 153 30 82 104 35 36 
99 127 91 136 184 148 109 
97 131 108 177 191 149 91 
64 133 20 142 134 154 60 
64 85 71 100 134 187 55 
84 106 29 28 74 136 116 
64 93 100 3 175 143 16 
22 146 4 64 74 25 23 
10 8 34 6 39 88 3 
37 28 120 28 127 3 23 
94 143 116 151 198 189 33 
97 131 108 178 206 149 91 
99 136 92 128 173 150 113 
