138 2 2 2 11 208 6 
198 4 5 2 2 1 5 
24 257 80 243 23 1 212 
7 17 12 15 135 3 12 
24 17 12 2 20 3 1 
2 17 1 3 119 491 5 
7 17 1 68 11 58 6 
6 2 12 2 11 3 1 
24 17 2 2 72 3 1 
2 658 2 3 2 1 301 
1 1 2 83 2 491 6 
24 17 12 2 2 386 1 
9 17 27 10 11 491 6 
138 68 575 752 850 208 161 
128 433 366 486 614 501 584 
33 38 30 82 918 43 17 
483 39 30 82 104 43 139 
9 17 2 3 2 1 5 
33 39 576 82 104 43 17 
9 672 2 10 22 3 6 
24 17 79 10 23 3 12 
198 2 2 2 67 61 6 
15 22 78 18 205 101 188 
18 22 22 98 241 381 16 
61 70 22 18 43 74 31 
64 22 20 98 134 101 16 
64 22 85 142 134 17 16 
64 226 310 142 134 593 16 
64 22 203 100 134 301 16 
64 22 310 100 134 54 16 
