2 75 5 28 17 34 1 
124 39 122 79 189 47 17 
8 1 6 82 2 1 12 
10 33 269 49 43 82 31 
10 7 269 4 261 3 50 
37 52 4 64 129 29 23 
2 75 4 79 141 34 1 
33 39 30 139 113 43 3 
4 7 299 4 1 7 1 
124 39 30 79 104 56 17 
9 2 4 62 4 5 259 
8 10 2 2 11 12 249 
124 39 30 79 189 47 17 
4 110 103 140 188 164 79 
33 39 30 139 189 47 17 
9 1 6 3 2 1 12 
2 4 1 2 7 416 5 
7 4 5 2 19 1 6 
4 7 1 4 42 299 1 
114 110 30 140 188 164 79 
81 39 30 391 104 47 17 
9 2 4 6 508 5 59 
33 39 30 324 104 85 17 
84 106 29 28 74 417 90 
2 61 57 64 332 7 23 
7 1 2 2 127 3 6 
2 1 1 3 509 1 5 
87 124 30 82 113 47 74 
8 10 2 2 11 425 6 
2 43 2 3 2 1 5 
