2 59 4 27 126 24 23 
37 52 57 26 127 29 23 
2 29 4 48 13 24 57 
2 59 4 105 126 25 23 
7 2 73 49 125 97 51 
2 1 4 28 58 25 58 
2 61 4 48 13 25 57 
2 61 4 48 22 98 23 
37 52 57 26 129 29 23 
2 59 74 27 128 25 23 
37 15 4 105 126 25 23 
2 52 29 48 127 99 23 
2 52 29 48 2 99 23 
2 29 4 27 10 25 57 
2 52 29 48 127 25 23 
4 7 10 4 42 29 1 
37 52 57 26 130 29 23 
7 1 73 49 125 97 51 
2 29 4 105 131 24 57 
37 29 75 48 126 25 23 
2 61 4 64 22 25 23 
4 1 1 3 1 1 5 
12 53 2 10 11 3 3 
33 7 10 4 1 7 1 
1 75 4 48 103 34 1 
8 7 4 4 1 7 1 
9 2 5 62 4 5 1 
2 1 5 62 2 5 6 
2 2 4 3 14 1 5 
7 16 6 4 1 3 3 
