33 176 30 82 113 332 17 
103 110 103 140 188 168 79 
33 39 30 79 104 117 17 
33 39 30 82 118 85 68 
2 103 4 140 188 3 35 
33 39 103 82 113 43 17 
103 39 30 140 113 164 120 
33 39 30 82 113 544 17 
14 21 2 10 127 3 6 
2 1 12 3 2 37 5 
397 110 30 140 188 3 41 
33 39 122 140 104 43 17 
33 39 44 82 118 35 68 
33 39 30 79 104 64 41 
3 222 29 250 303 25 35 
33 38 30 140 189 171 17 
33 39 122 140 104 47 99 
181 53 27 10 11 3 6 
8 10 149 2 11 12 5 
7 25 1 10 11 3 354 
103 39 30 79 189 47 17 
1 2 3 4 800 9 3 
2 1 12 3 803 1 5 
2 4 5 676 2 1 5 
2 1 514 26 802 68 35 
9 2 2 2 11 5 1 
9 2 5 2 801 5 6 
363 455 4 64 74 25 23 
1 2 4 62 804 5 17 
33 39 30 82 104 173 529 
