33 38 30 82 104 85 36 
118 39 30 79 429 3 12 
33 39 30 82 113 3 12 
33 39 30 79 503 25 294 
35 2 9 5 8 553 21 
358 2 2 2 10 3 1 
10 27 16 553 10 5 7 
1 165 5 91 261 7 1 
2 4 27 4 19 3 6 
7 21 2 62 525 48 1 
7 21 2 62 525 48 5 
24 2 2 2 624 3 6 
32 153 412 82 104 44 36 
32 153 412 82 104 44 17 
33 39 30 161 104 117 17 
33 39 30 161 104 44 17 
18 70 22 18 205 86 16 
4 81 10 4 1 7 1 
2 59 4 554 131 24 57 
296 34 27 33 697 545 213 
37 4 4 48 13 554 57 
2 2 2 2 11 3 1 
7 71 5 62 11 67 26 
32 39 262 79 104 43 17 
350 410 271 82 58 25 23 
37 52 4 64 127 99 23 
53 66 30 82 104 47 17 
114 195 103 115 459 164 79 
33 39 411 79 113 43 17 
37 4 4 48 13 555 57 
