64 22 20 100 553 254 16 
24 2 2 2 67 3 1 
1 3 6 4 3 3 319 
2 3 1 3 2 1 5 
8 393 2 2 67 12 6 
9 30 2 3 11 59 6 
2 1 1 3 2 309 5 
7 247 5 10 11 3 6 
2 4 1 2 7 1 320 
9 17 27 10 89 3 6 
33 39 30 115 104 85 17 
33 394 30 82 104 117 17 
33 39 30 79 554 85 17 
33 395 66 82 104 43 17 
18 70 22 97 115 86 47 
7 2 5 2 555 3 6 
7 84 5 10 119 178 321 
7 112 5 2 13 90 322 
7 396 5 62 4 61 323 
33 38 329 82 104 332 17 
33 38 30 82 189 44 68 
66 38 30 82 104 43 17 
33 39 30 140 113 47 17 
7 84 2 62 67 48 6 
12 7 10 4 1 454 1 
33 39 30 82 112 455 17 
33 39 66 82 113 47 17 
35 2 9 432 8 46 21 
288 388 29 28 547 450 35 
1 7 5 428 261 7 1 
