86 917 87 839 327 238 827 
121 204 679 706 1318 63 844 
360 91 126 697 1310 357 190 
328 86 174 198 1119 129 95 
630 88 546 497 840 655 836 
81 188 86 113 270 236 152 
78 761 531 1028 814 208 839 
631 86 201 415 166 127 95 
632 918 187 219 1301 790 834 
33 39 30 82 1334 47 17 
2 52 29 48 13 99 23 
130 445 87 503 1331 129 95 
145 215 233 697 339 1002 568 
128 215 501 662 1319 208 367 
121 921 777 2 1339 658 300 
357 927 608 1021 1316 993 187 
121 919 677 1025 1306 994 831 
454 166 144 215 834 999 842 
566 90 238 870 284 997 553 
210 922 170 218 1313 998 833 
479 156 773 602 1302 208 658 
86 528 88 269 1178 126 241 
121 215 186 220 271 996 173 
145 465 233 697 848 649 568 
147 505 772 367 1320 241 94 
128 215 501 662 1309 208 367 
121 492 451 659 1311 649 485 
128 433 10 486 614 501 1 
123 215 194 261 339 208 173 
