9 2 4 62 4 5 8 
9 2 4 62 4 5 5 
9 2 5 62 4 5 6 
9 2 10 62 4 5 6 
9 17 2 10 11 3 3 
9 25 1 10 22 3 6 
10 27 89 19 10 132 1 
22 15 4 64 11 25 23 
22 61 4 64 141 25 23 
24 21 2 2 89 59 5 
24 21 4 2 89 59 6 
24 30 2 2 89 120 6 
33 2 1 3 10 3 6 
33 39 5 2 113 47 17 
55 4 21 49 125 83 51 
62 4 2 2 2 1 5 
24 17 2 15 294 3 12 
2 4 84 105 17 25 57 
10 27 59 19 302 274 7 
2 217 2 5 2 268 5 
33 38 30 242 104 43 17 
10 27 59 19 301 274 7 
2 1 1 3 2 226 5 
4 7 10 4 320 7 1 
7 78 42 264 106 12 8 
53 39 30 82 104 44 17 
1 94 6 4 3 3 3 
2 71 12 3 2 1 5 
2 1 5 3 2 25 5 
4 7 197 4 1 7 1 
