189 2 4 62 4 5 6 
3 2 5 15 11 11 6 
2 4 1 23 19 4 5 
2 1 57 26 127 29 35 
7 2 3 10 11 3 3 
4 2 5 2 10 7 6 
33 39 30 13 113 43 17 
33 38 30 11 104 85 17 
4 7 10 10 2 3 1 
4 7 10 4 5 47 1 
9 2 4 10 4 3 3 
7 17 2 15 23 3 17 
7 7 2 15 23 3 12 
9 2 4 54 4 22 6 
4 10 2 4 1 7 1 
4 7 2 10 11 3 17 
7 7 5 10 4 5 1 
33 169 30 82 189 47 17 
4 7 10 57 42 7 1 
4 7 10 4 42 43 1 
7 7 4 10 17 3 3 
10 7 2 10 2 3 6 
9 7 2 3 4 5 5 
4 7 2 4 2 7 6 
2 2 4 10 2 5 6 
4 7 2 2 11 3 6 
9 2 4 10 2 5 6 
33 124 30 139 189 47 38 
7 17 2 15 23 43 12 
2 2 5 9 2 3 5 
