2 23 16 19 6 18 7 
10 4 16 19 2 18 7 
1 4 16 2 6 3 7 
10 4 16 19 6 18 7 
1 4 5 2 6 3 5 
19 24 43 20 26 16 7 
4 4 2 2 6 3 17 
10 23 16 19 6 18 17 
10 27 43 19 6 18 5 
1 1 2 2 6 3 5 
4 7 10 4 22 51 17 
19 24 10 20 26 16 1 
1 25 2 10 22 3 7 
9 4 2 2 6 3 6 
10 27 43 19 6 16 15 
42 27 43 19 6 18 7 
1 4 2 54 6 3 17 
1 4 2 2 6 6 38 
2 1 5 3 2 2 5 
2 1 1 3 2 2 5 
1 4 2 2 6 6 17 
10 23 16 19 6 6 7 
19 23 23 20 397 16 15 
9 2 4 62 4 4 6 
1 4 2 2 26 16 15 
1 7 10 4 42 7 1 
2 1 5 3 2 1 7 
48 7 85 4 1 7 1 
84 106 10 28 136 1 35 
10 81 50 99 42 76 52 
