7 1 2 2 23 3 6 
33 38 30 79 104 35 17 
103 110 30 140 375 164 79 
33 153 44 161 104 44 17 
33 39 30 82 104 56 217 
2 1 5 297 2 1 5 
4 7 219 4 42 51 1 
18 33 72 100 116 199 6 
1 2 25 15 4 3 12 
18 22 77 98 138 16 16 
1 2 43 4 5 40 3 
1 4 2 43 6 112 17 
12 7 40 4 42 7 1 
10 31 95 268 101 134 1 
64 70 77 98 123 229 16 
1 4 2 153 6 3 11 
81 155 167 277 338 43 17 
33 153 30 140 113 47 68 
7 21 5 62 11 48 6 
33 39 30 82 104 56 65 
4 7 10 4 1 65 1 
81 39 30 82 189 56 65 
4 7 10 3 1 7 1 
1 2 3 4 5 56 3 
33 39 30 82 189 56 38 
1 4 2 2 6 3 11 
164 174 207 193 116 111 131 
64 89 85 77 122 103 16 
33 160 30 272 104 56 17 
1 4 2 72 29 3 7 
