2 114 5 82 113 3 70 
7 2 5 82 113 3 6 
33 39 161 82 104 44 36 
33 39 30 81 104 43 17 
33 39 30 79 104 44 41 
33 39 66 174 104 43 17 
103 110 30 79 189 168 17 
103 110 30 78 189 168 17 
33 38 161 82 104 85 68 
33 38 30 82 251 47 132 
33 66 30 82 475 600 17 
33 39 147 140 104 43 79 
33 263 30 140 626 35 79 
33 39 30 82 250 43 17 
33 39 30 82 104 394 17 
76 22 212 614 134 54 560 
78 154 146 220 796 458 92 
7 84 5 10 2 1 5 
7 33 22 100 22 303 16 
37 490 292 28 694 25 469 
7 2 512 2 798 3 6 
4 7 12 4 799 7 1 
7 10 5 2 11 12 6 
64 105 85 98 652 54 60 
265 195 103 140 247 164 17 
8 4 5 2 2 1 5 
4 22 22 189 134 101 16 
33 176 30 731 887 43 17 
64 22 20 189 134 101 16 
18 70 22 97 319 388 47 
