2 20 12 3 2 1 5 
2 1 2 3 2 1 10 
2 1 12 3 17 1 5 
2 15 11 6 17 12 5 
2 16 2 2 6 1 5 
1 4 19 2 6 3 17 
7 17 2 2 18 3 6 
2 4 2 2 6 1 5 
2 3 2 11 19 3 6 
9 2 5 15 89 3 1 
16 2 16 62 3 9 8 
1 2 3 4 5 9 3 
2 1 5 3 4 1 5 
8 1 6 3 2 1 1 
4 7 10 4 1 7 1 
2 21 5 3 2 1 5 
2 1 1 5 2 1 5 
2 4 1 2 7 1 5 
3 1 5 17 11 11 6 
2 1 12 3 2 1 5 
7 17 2 15 23 3 12 
9 25 2 10 22 3 6 
2 1 21 3 2 1 5 
17 2 9 5 24 2 4 
10 23 16 19 6 18 7 
2 4 27 25 11 3 5 
33 39 30 2 6 47 17 
19 24 23 20 26 16 15 
18 22 22 18 25 17 16 
1 4 2 16 6 3 17 
