64 22 5 100 115 101 60 
64 22 22 18 43 640 534 
64 70 22 98 813 229 16 
76 612 20 143 134 635 16 
85 100 22 18 812 86 149 
112 22 22 108 159 86 16 
216 22 22 440 116 375 334 
439 33 229 104 43 109 31 
33 611 30 682 104 43 17 
103 110 30 140 188 168 79 
33 38 134 82 10 43 17 
32 160 30 82 118 44 36 
33 38 44 82 118 43 132 
33 160 44 82 118 44 36 
119 38 30 82 118 44 36 
33 30 30 78 104 59 17 
33 39 30 174 104 43 68 
2 17 52 10 2 1 5 
8 364 4 64 129 3 35 
33 39 30 79 815 34 17 
103 110 517 140 188 164 79 
440 39 30 79 104 47 17 
2 38 30 82 118 25 17 
33 42 30 79 104 35 17 
33 38 30 82 104 394 537 
9 2 4 62 606 5 6 
8 10 95 2 10 12 6 
2 1 5 672 11 1 5 
33 39 30 82 373 56 17 
2 84 5 10 11 3 6 
