2 9 1 2 7 1 5 
2 21 2 2 2 1 5 
4 4 10 4 1 7 1 
1 1 3 3 5 9 3 
7 17 2 2 10 3 6 
7 84 5 2 156 3 6 
33 39 30 78 104 3 17 
7 2 5 2 156 1 6 
33 39 30 78 104 7 17 
4 7 10 4 4 7 1 
1 39 30 82 211 3 17 
2 1 1 3 366 1 5 
9 17 2 2 11 3 1 
2 1 227 3 2 1 3 
1 2 42 4 98 3 34 
2 1 21 3 23 1 5 
1 6 137 147 416 180 3 
2 17 2 3 2 1 246 
7 84 5 10 119 178 247 
219 2 4 62 4 5 17 
1 2 244 4 5 9 3 
89 86 237 198 398 209 156 
86 104 69 113 143 119 67 
64 81 111 143 134 153 16 
81 86 87 320 270 238 242 
64 22 20 100 134 160 16 
24 17 30 10 23 68 5 
47 2 4 2 6 5 17 
1 1 3 4 5 9 1 
37 52 4 26 127 29 1 
