33 108 30 79 104 85 17 
33 39 30 82 113 44 17 
7 17 5 2 149 26 6 
8 17 2 15 150 3 12 
47 4 5 10 23 120 8 
24 1 2 2 10 3 1 
7 112 42 62 11 67 6 
9 2 2 2 11 61 6 
8 1 6 3 11 1 1 
7 112 5 62 23 67 6 
9 17 52 10 10 3 1 
7 4 5 68 93 3 46 
2 17 2 3 2 1 5 
2 29 5 2 5 1 5 
7 17 2 15 151 3 12 
53 38 83 82 104 43 17 
33 38 30 82 104 85 68 
32 39 30 82 104 44 36 
33 39 30 82 113 47 41 
33 38 30 82 104 35 36 
33 39 30 118 104 64 17 
33 38 30 115 113 43 17 
33 39 30 78 104 35 36 
33 39 65 82 113 47 17 
82 38 30 82 104 35 36 
33 38 30 78 104 122 17 
53 39 44 82 118 44 36 
32 42 30 82 104 43 17 
33 39 30 82 113 35 17 
32 38 30 82 152 35 17 
