121 446 637 182 1043 208 672 
4 1 2 1 1044 5 6 
4 744 5 1 7 3 6 
7 17 12 2 11 3 26 
2 1 1 2 119 3 5 
24 2 1 2 1044 7 1 
37 745 4 28 945 3 23 
1 671 29 2 40 32 3 
15 22 78 18 913 86 188 
76 2 78 18 138 715 31 
216 22 78 100 885 86 188 
24 2 213 72 22 3 6 
64 93 72 18 175 86 6 
1 70 164 18 115 810 47 
1 746 2 2 6 3 17 
2 1 1 3 2 1 674 
1 6 61 147 40 180 3 
7 17 5 2 167 3 6 
2 1 2 3 2 9 5 
33 38 30 167 104 35 68 
7 84 5 10 119 811 26 
7 17 52 10 1045 3 6 
1 31 29 176 1046 32 3 
1 2 23 27 5 9 3 
1 3 6 832 3 3 3 
7 17 2 15 26 3 12 
24 24 420 2 11 59 6 
79 17 2 337 23 2 12 
47 747 5 10 11 61 8 
180 654 2 213 19 812 147 
