4 7 10 4 1 7 5 
4 7 10 2 1 7 1 
4 7 10 3 42 7 1 
2 7 10 4 42 51 1 
2 25 2 10 22 3 6 
4 21 1 37 2 1 5 
4 7 34 57 42 51 1 
2 4 14 4 3 3 6 
4 1 21 3 2 1 5 
2 7 39 4 42 3 1 
2 1 5 2 2 1 5 
29 21 1 3 2 1 5 
2 7 10 4 42 7 1 
3 22 5 17 11 11 6 
2 4 5 2 2 51 5 
9 2 4 63 4 5 6 
9 2 4 62 4 5 6 
8 1 6 9 2 1 1 
2 1 21 9 2 1 5 
2 1 5 3 61 1 5 
9 1 1 10 22 3 6 
2 1 1 3 2 1 3 
23 51 2 2 6 3 5 
2 1 21 3 2 2 5 
19 24 42 20 62 52 33 
2 1 5 3 2 54 5 
4 7 40 4 42 51 1 
43 1 1 3 2 1 6 
1 50 3 4 5 9 3 
10 27 43 19 6 18 7 
