225 118 1 1 100 518 100 
122 167 105 521 61 191 108 
8 17 5 2 10 59 23 
8 113 5 2 13 59 6 
9 53 5 10 13 3 3 
37 476 292 28 10 404 23 
7 114 52 2 11 3 6 
37 10 292 64 74 25 412 
33 2 2 212 153 253 147 
7 114 2 2 13 3 6 
33 39 30 79 104 64 139 
33 181 30 79 179 64 139 
166 181 190 79 113 47 17 
337 381 190 79 113 47 17 
166 176 30 173 113 43 17 
337 39 30 79 113 251 17 
33 39 30 82 113 44 152 
166 39 30 79 113 47 17 
80 39 30 79 113 43 17 
166 39 30 79 67 47 17 
166 39 30 79 104 251 17 
166 39 30 79 104 47 17 
166 153 44 82 104 43 36 
166 28 30 78 179 43 17 
33 38 30 82 113 571 17 
7 17 2 572 86 232 1 
2 61 4 64 332 7 422 
2 501 12 3 2 1 5 
2 1 4 28 721 25 58 
33 502 30 240 722 43 17 
