4 70 10 4 42 51 1 
4 33 10 4 42 51 1 
64 7 77 98 2 229 16 
76 7 78 104 67 109 31 
121 167 144 231 232 208 121 
7 28 5 28 17 34 12 
33 39 30 82 104 47 68 
64 22 77 230 134 101 150 
33 39 65 139 113 56 17 
33 39 30 115 113 43 17 
1 2 5 4 5 9 3 
18 22 20 98 122 254 16 
19 89 22 109 122 258 16 
33 39 12 3 2 56 5 
7 112 5 14 11 67 6 
9 25 2 10 23 3 70 
103 110 122 140 104 168 46 
33 39 30 82 2 1 5 
7 112 5 10 11 67 6 
7 4 6 68 93 3 17 
87 124 30 82 113 44 74 
81 104 88 113 143 235 67 
81 86 69 113 143 119 76 
81 104 69 113 143 43 67 
135 188 69 113 276 43 152 
72 104 69 113 143 128 67 
33 39 30 79 113 44 17 
33 39 103 79 113 47 17 
33 176 30 115 113 43 17 
33 39 30 82 104 206 17 
