33 39 652 82 113 43 17 
33 38 653 82 104 43 17 
33 38 30 862 104 43 17 
2 768 42 4 90 25 127 
8 10 5 2 11 1 6 
7 389 5 2 2 3 6 
569 2 1 10 151 3 1 
33 39 30 140 211 85 79 
33 39 30 82 112 64 17 
32 176 30 82 113 47 17 
337 284 30 79 104 47 17 
8 17 2 2 22 3 6 
8 2 5 2 156 67 105 
33 284 30 140 113 43 17 
33 38 65 82 619 47 17 
360 91 126 697 317 357 190 
33 110 103 140 113 164 79 
103 39 30 82 113 43 17 
130 177 174 864 318 372 156 
563 701 608 216 1099 191 363 
429 86 654 198 318 129 95 
2 61 5 64 332 7 23 
121 772 169 866 1023 847 646 
562 156 202 270 1097 846 697 
33 39 122 140 113 43 41 
130 86 191 863 621 244 95 
335 593 655 218 271 658 192 
7 17 5 4 10 3 6 
456 771 453 660 758 584 699 
145 770 407 270 1098 239 698 
