296 34 27 33 45 36 329 
2 1 334 3 2 1 5 
2 52 29 48 127 99 330 
7 28 4 28 104 99 35 
7 112 5 2 13 1 322 
24 2 2 2 10 67 1 
22 17 4 64 90 25 52 
2 4 5 38 2 1 5 
8 2 2 212 10 253 147 
8 1 2 3 2 1 5 
8 61 4 28 74 25 23 
63 25 2 10 22 3 6 
2 17 5 3 2 1 5 
24 17 335 10 23 3 12 
8 367 292 64 470 25 1 
55 2 5 2 11 59 1 
1 399 1 2 7 1 5 
9 9 2 62 4 5 6 
197 1 21 3 2 1 5 
79 75 4 48 141 34 1 
2 17 5 37 60 1 5 
2 1 1 5 11 343 5 
62 1 1 3 2 1 5 
7 71 2 62 11 34 6 
2 4 1 437 11 3 6 
10 27 16 19 10 5 130 
7 17 27 10 11 3 6 
33 38 134 161 104 47 17 
33 39 2 79 113 44 17 
33 39 44 78 104 43 17 
