2 28 29 243 486 267 124 
24 17 2 2 10 59 1 
7 17 5 2 78 1 6 
3 470 5 2 11 11 6 
3 7 10 4 10 7 1 
4 7 10 4 921 7 1 
4 7 10 4 1 723 1 
487 280 5 47 57 20 6 
178 6 34 47 394 722 6 
64 450 203 142 134 593 16 
27 33 22 755 43 9 31 
24 2 2 2 922 3 1 
33 38 30 82 104 724 17 
2 1 2 3 127 1 5 
33 39 30 546 104 43 17 
482 39 30 79 104 206 17 
7 53 27 10 23 3 3 
8 17 5 10 11 3 199 
7 17 5 10 22 3 6 
489 1 12 3 2 1 5 
8 2 5 756 11 3 1 
160 84 578 10 11 1 5 
33 39 44 82 118 35 588 
33 4 30 115 104 85 17 
32 38 30 82 104 44 36 
33 39 30 82 118 44 17 
27 33 22 49 925 9 31 
2 1 5 10 11 68 6 
8 17 5 2 924 12 6 
8 10 2 2 11 725 6 
