18 22 72 98 205 301 16 
33 39 30 82 2 56 3 
2 21 5 37 2 1 15 
2 4 2 2 6 1 15 
1 4 2 2 6 3 15 
19 24 42 246 300 259 15 
1 2 3 4 5 9 15 
2 1 5 4 2 1 5 
1 2 12 4 5 9 3 
10 11 43 19 6 18 7 
1 4 2 2 6 3 3 
10 4 43 19 6 18 7 
33 39 30 82 104 1 17 
2 39 30 82 104 56 17 
33 39 4 79 113 5 6 
1 4 2 2 6 1 5 
1 39 30 82 104 9 3 
2 4 2 2 6 319 5 
1 4 2 2 19 3 17 
1 4 2 4 3 3 1 
2 1 1 3 2 56 5 
2 4 1 4 2 62 5 
2 4 1 2 4 1 5 
2 39 30 79 104 43 17 
2 71 5 62 11 12 26 
2 75 5 48 316 34 1 
2 1 5 3 340 1 5 
2 1 1 3 2 47 5 
2 1 12 3 2 3 5 
2 52 5 64 74 25 80 
