32 153 30 82 104 1 38 
7 2 5 299 10 3 6 
7 21 5 62 67 3 216 
7 1 2 2 23 1 16 
8 2 2 2 89 12 6 
8 25 2 10 23 3 6 
2 28 4 38 10 11 35 
114 2 2 2 11 5 6 
2 4 1 2 11 3 3 
67 2 2 2 10 3 1 
1 1 2 2 6 3 38 
8 17 27 306 153 253 147 
55 269 2 10 11 37 6 
8 10 2 2 11 315 6 
9 53 5 10 11 3 3 
22 61 4 64 154 25 23 
7 71 5 303 11 67 1 
33 38 30 82 104 44 68 
7 55 5 10 11 68 26 
22 15 4 64 141 3 35 
22 28 57 28 363 29 35 
9 2 4 64 4 22 6 
10 2 2 2 10 3 1 
47 17 5 10 13 3 8 
7 17 5 2 10 3 26 
33 155 30 163 231 220 17 
47 55 5 10 23 120 17 
33 39 103 79 11 35 17 
22 15 4 243 11 29 35 
33 157 30 82 104 47 17 
