64 22 212 100 134 233 16 
80 98 20 189 134 111 16 
33 168 30 79 104 35 17 
33 168 65 79 113 35 17 
32 39 30 79 189 43 17 
8 10 149 2 367 12 6 
1 3 6 294 3 3 3 
9 2 1 2 11 300 6 
33 176 30 79 11 61 17 
33 176 30 79 113 56 17 
1 39 30 78 104 43 17 
33 38 30 82 104 3 17 
33 39 30 82 113 3 17 
170 39 44 82 104 35 36 
167 39 30 82 118 35 36 
32 219 30 81 118 36 36 
33 38 30 82 118 43 36 
33 38 30 82 104 35 68 
33 39 30 78 189 43 17 
58 38 30 81 118 44 36 
53 39 30 82 298 35 36 
3 2 10 20 11 11 6 
2 2 27 3 2 1 5 
2 59 4 48 13 24 57 
4 2 7 4 42 7 1 
4 7 10 24 1 7 1 
7 2 5 2 11 3 6 
7 2 211 2 156 3 6 
7 17 10 2 10 3 6 
9 2 4 62 2 5 5 
