9 2 1 10 17 3 1 
14 21 2 10 11 3 12 
33 38 30 192 337 43 17 
8 10 2 732 11 12 6 
465 7 10 4 1 7 1 
57 658 2 2 11 12 6 
7 660 2 2 19 1 6 
510 1 12 3 2 1 5 
7 53 2 10 958 3 3 
4 7 563 4 1 7 1 
4 7 562 4 1 7 1 
2 1 1 3 2 1 618 
2 115 4 64 1 7 23 
1 4 2 2 6 755 17 
2 84 2 68 2 68 620 
33 66 30 79 959 43 17 
112 105 20 721 134 591 243 
112 33 77 24 134 97 150 
1 6 29 484 40 32 3 
17 2 9 5 8 2 21 
18 100 22 18 133 86 149 
181 53 420 53 312 3 3 
18 22 229 160 134 101 16 
18 2 229 18 159 61 16 
18 2 229 18 159 86 16 
18 22 395 326 10 86 16 
18 89 22 24 122 258 47 
2 1 420 26 312 29 35 
24 17 79 15 10 3 12 
250 22 78 18 134 101 60 
