91 1 5 10 11 11 6 
91 1 5 10 86 11 6 
18 33 22 18 979 771 47 
464 22 22 18 935 101 60 
4 7 10 4 42 794 1 
121 726 588 507 990 208 652 
121 726 588 789 990 208 652 
121 727 606 768 556 795 652 
524 397 330 816 992 208 324 
121 104 407 434 556 482 94 
523 104 159 215 820 245 367 
33 39 30 82 104 801 17 
121 104 624 218 828 793 94 
121 104 625 789 1015 795 324 
335 215 195 815 1024 707 653 
121 104 588 789 990 208 654 
536 104 69 691 143 796 67 
121 104 626 817 317 797 94 
121 104 575 789 992 208 94 
523 104 588 793 987 482 324 
33 176 30 115 373 43 17 
60 78 42 4 11 12 8 
335 104 627 695 987 482 655 
81 104 69 113 143 43 367 
81 104 69 113 143 43 152 
37 17 4 470 127 407 23 
8 52 57 26 129 29 23 
128 104 199 818 1016 799 656 
147 104 331 816 1017 208 638 
130 104 520 612 1018 779 465 
