19 37 30 79 104 85 17 
166 37 30 174 104 44 17 
166 39 30 174 104 44 17 
166 39 66 82 104 43 152 
166 37 30 79 104 43 152 
19 51 44 82 104 44 17 
247 37 134 82 210 35 17 
166 39 30 79 104 44 17 
166 39 30 79 113 43 17 
166 51 30 79 104 64 17 
166 39 30 82 113 64 17 
166 38 30 79 104 64 17 
166 38 30 82 104 43 17 
302 39 44 82 118 43 36 
166 39 150 82 248 35 17 
33 39 30 82 189 43 79 
7 112 5 2 741 67 6 
7 531 5 250 303 25 35 
103 110 103 172 742 169 79 
9 25 2 608 22 3 6 
2 112 120 250 303 25 35 
24 2 52 2 10 3 3 
7 28 29 64 238 3 35 
33 39 30 82 104 368 17 
10 1 16 19 6 18 7 
2 61 4 28 526 34 23 
2 15 95 28 363 3 1 
33 157 30 82 104 43 17 
8 10 52 372 11 12 6 
170 38 30 555 113 43 36 
