18 70 22 104 139 175 16 
6 2 4 62 4 5 6 
18 2 22 104 1 101 31 
66 39 30 82 104 43 36 
188 2 5 2 89 55 6 
4 7 10 7 1 7 1 
2 1 21 3 2 1 102 
2 58 4 27 128 7 23 
7 17 518 15 23 3 12 
33 39 30 544 863 3 17 
2 52 291 368 127 25 541 
53 153 44 82 118 35 36 
8 2 5 10 309 253 147 
236 306 254 339 433 695 255 
8 2 2 2 309 253 147 
9 53 1 53 11 3 3 
9 25 2 10 10 5 5 
161 33 22 104 43 109 278 
8 367 292 26 470 25 57 
66 39 30 82 104 47 36 
33 39 30 680 113 35 17 
7 17 2 2 11 37 1 
64 22 164 98 123 101 60 
7 17 5 2 10 59 6 
8 2 2 212 86 253 147 
2 59 4 27 128 7 57 
7 17 1 68 86 232 1 
204 230 191 308 661 316 327 
331 86 174 308 162 483 95 
137 177 189 319 325 126 156 
