18 151 105 138 237 198 126 
35 43 9 5 121 2 21 
26 43 9 5 121 46 21 
26 150 105 109 8 103 21 
17 2 8 51 121 46 21 
26 2 8 5 8 2 4 
17 5 9 101 8 46 21 
15 22 78 18 205 46 21 
4 7 10 4 1 202 1 
9 2 5 10 10 3 1 
8 173 5 3 2 1 1 
7 53 2 10 2 3 3 
2 1 40 3 2 1 5 
7 43 2 10 11 3 3 
10 54 43 19 10 5 130 
2 1 10 97 2 1 5 
8 10 149 2 11 12 6 
2 4 10 2 7 1 5 
8 1 5 3 2 1 1 
4 7 10 4 96 51 1 
9 84 16 10 11 3 5 
7 84 5 2 11 203 6 
4 7 10 4 42 53 1 
2 21 5 37 239 1 5 
2 59 4 27 128 7 23 
7 71 5 190 11 67 1 
9 4 2 2 86 3 1 
8 2 5 68 11 5 1 
33 39 30 82 7 47 17 
2 28 4 38 17 3 35 
