2 7 4 28 127 25 58 
290 389 5 418 39 441 6 
178 8 327 49 544 28 6 
10 386 61 419 39 451 1 
2 15 57 64 550 34 35 
7 39 2 15 23 3 12 
9 2 4 62 4 3 12 
2 39 4 48 103 34 1 
8 39 30 139 113 43 17 
9 39 2 10 22 3 6 
7 1 2 83 507 3 6 
9 17 30 10 350 335 3 
7 4 1 2 7 1 5 
267 1 1 3 2 226 5 
7 17 2 3 2 3 5 
7 7 10 4 1 7 1 
94 390 116 429 198 189 33 
121 278 328 431 552 452 154 
289 391 282 430 551 392 316 
94 137 282 429 551 392 317 
4 7 10 4 505 51 1 
2 191 4 64 17 34 35 
37 365 21 64 42 24 23 
284 110 30 140 188 3 79 
8 7 5 28 10 51 6 
22 8 4 28 74 99 35 
2 126 4 38 141 60 35 
9 2 2 2 11 453 6 
2 114 5 10 11 1 5 
291 1 4 64 11 99 1 
