33 39 30 861 189 35 17 
7 17 2 2 2 3 6 
33 39 122 140 104 47 17 
7 84 5 2 156 178 6 
33 39 30 82 113 56 211 
172 2 42 4 169 9 8 
7 766 2 83 2 3 6 
33 38 30 79 113 43 41 
114 39 30 79 113 43 17 
33 66 30 82 113 85 17 
103 110 103 140 596 164 79 
7 2 5 2 13 3 6 
33 39 30 79 188 47 41 
353 39 30 115 113 85 17 
33 38 30 630 104 43 17 
7 17 5 2 2 59 6 
24 17 52 10 89 3 6 
7 539 2 15 23 3 12 
421 470 5 84 11 11 6 
24 257 80 243 23 59 212 
33 39 30 82 211 35 17 
103 110 30 140 188 215 99 
7 21 5 62 1096 61 44 
2 765 42 4 90 25 127 
63 34 27 33 1095 36 6 
10 27 16 19 10 842 7 
2 1 5 2 11 5 6 
2 227 5 2 11 1 6 
172 114 5 298 2 843 70 
1 767 6 4 3 3 3 
