2 52 4 131 10 25 57 
37 4 4 105 380 99 23 
48 7 10 4 172 7 1 
95 2 94 127 1 144 114 
94 117 10 125 174 147 100 
99 136 90 128 173 150 113 
84 106 29 28 203 99 355 
84 141 29 28 74 136 87 
84 106 29 28 74 161 104 
100 142 386 135 190 145 81 
99 127 385 125 170 148 109 
2 30 12 3 2 1 5 
8 17 2 3 11 59 6 
8 2 5 53 11 59 1 
2 1 1 2 140 3 5 
9 3 3 6 4 3 3 
10 2 50 62 91 7 45 
2 1 12 53 2 1 5 
342 447 387 509 650 517 382 
33 39 155 79 506 47 17 
73 17 2 2 11 12 6 
4 2 40 4 42 51 1 
109 22 20 100 134 54 16 
258 174 154 193 241 375 331 
258 174 207 193 241 101 131 
64 95 20 100 514 301 60 
64 22 85 100 134 270 16 
64 105 20 77 92 103 77 
64 33 72 18 122 103 16 
64 133 20 100 134 160 16 
