3 6 22 24 12 28 1 
24 30 2 2 6 59 5 
2 29 4 48 10 25 23 
10 7 10 4 42 7 1 
2 29 4 48 13 24 23 
18 33 72 104 116 86 6 
18 22 277 18 139 175 16 
200 6 61 176 40 7 3 
10 33 22 6 43 82 31 
10 4 2 2 6 3 17 
1 6 137 176 40 7 3 
43 336 2 365 125 25 57 
10 33 22 18 116 7 47 
2 61 4 100 6 25 23 
2 29 84 48 13 25 23 
64 33 31 104 43 258 31 
9 25 2 10 2 3 5 
10 31 8 104 40 134 1 
2 33 4 105 6 25 23 
242 340 78 97 115 175 47 
94 6 90 125 174 147 100 
2 52 4 48 2 25 23 
2 29 4 48 2 25 23 
9 2 78 97 115 175 47 
4 22 10 4 42 51 1 
4 22 10 4 42 7 1 
18 33 72 364 116 86 5 
37 4 10 48 58 25 23 
2 4 4 48 2 25 280 
18 2 263 104 469 398 31 
