2 3 1 93 11 3 6 
2 21 2 62 11 67 6 
37 187 21 49 125 714 51 
7 114 5 2 67 3 6 
24 601 2 2 11 59 6 
8 17 5 749 11 3 1 
8 455 291 750 127 24 35 
37 61 10 26 1 25 23 
24 30 2 2 11 716 6 
7 17 52 2 10 3 6 
9 2 5 28 363 3 124 
8 2 27 751 11 3 1 
24 114 2 2 89 59 6 
6 4 5 43 2 1 5 
2 61 4 62 58 7 23 
14 2 6 15 914 3 6 
8 664 80 28 915 29 6 
7 28 2 28 10 3 218 
33 39 30 82 373 85 17 
115 337 30 82 104 208 17 
22 257 80 243 23 25 212 
292 66 30 82 113 43 17 
138 68 196 479 326 208 176 
33 39 30 82 188 43 17 
33 39 418 82 188 85 17 
1 3 6 511 3 3 3 
60 69 52 10 11 9 6 
138 68 195 479 326 208 176 
8 10 2 2 59 12 6 
2 1 32 3 2 1 5 
