136 188 69 113 270 43 152 
130 86 10 124 269 129 73 
33 39 30 81 113 47 17 
33 39 30 139 113 43 17 
10 27 59 19 10 5 7 
10 27 16 19 3 5 7 
10 221 16 19 10 5 7 
1 2 42 248 98 1 34 
9 2 4 62 4 1 34 
2 52 10 4 1 7 1 
1 7 3 4 127 9 3 
4 15 10 4 11 7 1 
2 17 84 105 11 25 57 
57 4 2 2 1 12 6 
2 2 5 2 10 1 5 
2 1 4 62 2 5 6 
2 21 5 3 19 1 5 
2 17 5 2 23 1 5 
4 7 10 247 1 7 1 
24 2 2 2 2 3 1 
4 2 10 4 58 7 1 
9 7 4 62 4 5 6 
4 2 40 4 4 51 1 
1 4 6 4 126 3 3 
2 17 5 28 1 25 58 
9 2 4 62 10 5 6 
9 10 4 62 42 5 6 
2 1 1 2 11 1 5 
24 2 2 2 4 3 1 
1 2 2 2 11 3 17 
