2 1 5 37 2 1 5 
2 1 5 20 2 53 5 
2 21 5 37 60 1 5 
23 1 1 3 2 2 3 
2 1 47 3 2 1 3 
2 21 5 37 62 1 5 
2 21 5 66 20 1 5 
22 15 4 64 17 25 35 
1 2 3 67 5 9 3 
2 1 5 3 2 10 5 
2 4 1 2 64 1 5 
2 1 5 3 63 15 5 
2 7 40 4 42 51 1 
54 39 48 3 2 44 5 
10 54 43 19 10 5 7 
9 1 4 62 4 5 6 
8 4 5 2 2 58 5 
6 25 2 10 11 3 6 
6 17 5 2 10 59 6 
2 21 5 3 23 1 5 
8 7 10 4 42 51 1 
8 21 5 3 2 1 5 
2 1 12 3 59 1 5 
47 2 4 62 4 5 6 
47 7 10 4 1 1 1 
47 21 5 3 23 1 5 
24 11 5 10 11 3 8 
9 1 12 3 2 1 5 
1 4 5 2 2 1 5 
7 1 1 3 2 1 3 
