1 1 2 2 6 3 17 
1 4 2 54 6 178 17 
2 4 5 2 10 1 5 
2 2 4 3 4 5 6 
2 4 5 2 2 5 5 
22 146 12 3 74 25 23 
2 4 4 105 10 25 57 
27 8 22 49 43 7 31 
2 59 4 48 131 24 57 
2 4 1 2 2 5 5 
10 31 63 129 101 45 49 
2 29 4 105 131 24 17 
10 31 34 47 57 45 1 
37 4 4 48 13 25 23 
2 1 5 3 2 61 5 
10 81 10 99 120 76 52 
1 14 2 2 6 3 17 
9 25 5 10 22 3 6 
183 2 2 2 11 5 6 
10 2 95 286 362 180 207 
7 254 2 15 23 3 12 
9 2 4 62 4 5 2 
33 39 66 82 2 1 174 
14 249 5 2 11 3 6 
79 55 5 10 11 68 206 
2 4 1 285 19 62 5 
2 28 29 28 74 267 124 
22 28 4 28 363 99 35 
1 4 2 2 7 3 17 
1 4 2 2 6 5 17 
