7 25 5 2 2 3 6 
33 39 122 140 113 43 79 
568 239 238 699 1107 208 574 
3 470 12 84 11 11 6 
2 1 2 3 340 1 5 
24 2 2 2 113 3 1 
204 230 191 308 661 853 230 
142 598 408 503 1108 503 156 
78 488 170 489 1109 744 658 
3 353 3 4 5 9 3 
33 39 30 82 211 85 325 
10 780 27 49 1110 89 675 
8 17 5 2 10 3 105 
33 39 122 79 113 164 17 
33 39 122 140 113 44 17 
7 71 5 62 11 3 6 
258 174 207 193 336 314 131 
64 779 68 98 1 17 16 
15 33 72 875 753 103 16 
121 615 661 874 317 656 601 
33 39 30 79 104 855 17 
33 153 30 82 104 854 36 
33 39 30 82 253 43 79 
77 338 2 2 89 1 6 
552 1 10 3 11 3 6 
8 2 2 2 23 55 1 
9 2 2 28 11 59 35 
103 110 30 140 188 3 120 
24 781 12 3 948 3 1 
24 17 27 2 2 3 1 
