84 141 29 28 208 99 89 
10 31 95 129 101 134 49 
107 138 110 125 193 158 82 
99 128 91 125 170 146 111 
94 120 101 145 196 141 84 
104 7 10 4 1 7 1 
2 4 4 105 179 25 23 
84 148 29 28 74 136 90 
17 2 8 5 8 46 1 
10 33 22 49 43 20 31 
94 120 101 125 196 141 84 
2 1 29 28 58 25 58 
2 52 57 48 177 99 23 
27 70 22 49 115 86 31 
2 29 4 27 10 25 23 
10 33 22 130 43 82 31 
99 129 92 128 173 150 113 
109 22 112 98 134 184 16 
37 52 57 131 107 29 23 
17 5 9 5 8 2 4 
10 33 22 49 43 9 31 
98 122 98 125 180 150 113 
10 31 106 129 101 45 49 
106 137 108 179 201 155 85 
84 106 29 149 74 161 87 
84 106 29 28 203 99 35 
106 137 108 179 201 155 83 
108 4 2 146 6 3 6 
84 140 115 144 199 136 87 
2 52 57 48 127 99 23 
