130 86 656 276 165 130 156 
136 86 88 903 266 238 95 
86 528 620 504 1178 126 241 
163 492 679 902 1159 885 574 
137 440 189 912 628 372 95 
145 668 629 220 1184 707 575 
130 273 174 319 621 886 725 
78 303 685 217 635 348 729 
86 86 86 198 162 484 95 
113 177 615 691 1142 246 76 
588 806 195 217 635 251 336 
137 177 88 124 325 889 156 
89 86 681 198 266 209 156 
130 273 88 198 1162 238 241 
86 240 87 315 164 126 95 
81 104 81 113 1161 119 67 
81 39 147 113 845 43 160 
86 86 88 518 675 130 595 
86 440 88 124 1181 129 241 
210 801 677 227 324 241 722 
86 177 88 124 1169 515 156 
86 440 88 908 1177 126 241 
130 86 88 319 266 129 95 
145 633 378 219 630 208 184 
130 804 87 124 1165 515 95 
586 797 607 503 1176 126 76 
86 417 88 124 1180 209 241 
137 86 393 319 402 652 230 
331 86 87 503 1175 503 241 
128 631 506 218 271 653 173 
