7 2 2 212 309 253 147 
9 4 27 25 11 3 5 
24 30 5 2 89 59 6 
62 4 5 2 23 1 5 
62 4 5 10 2 1 5 
33 38 30 82 104 332 17 
33 38 30 82 104 332 245 
33 38 30 82 413 43 36 
33 39 30 82 414 43 17 
33 39 30 328 104 43 17 
33 290 30 82 104 333 17 
33 291 30 82 104 44 17 
10 38 30 82 113 43 17 
32 38 134 82 113 35 17 
32 39 44 82 104 117 36 
33 38 30 82 189 44 17 
33 38 30 174 104 35 17 
33 39 66 79 104 47 41 
33 218 30 82 104 35 17 
4 7 41 4 42 1 1 
1 4 2 3 6 3 17 
2 1 2 2 2 3 5 
2 1 23 4 2 1 5 
2 2 42 4 98 58 5 
2 7 2 3 2 3 5 
2 17 2 3 2 3 5 
4 7 10 3 42 51 1 
2 7 2 4 2 9 5 
2 4 2 2 2 3 5 
2 17 5 4 2 1 5 
