8 2 5 15 22 3 6 
8 103 2 15 22 3 6 
7 2 3 15 22 3 6 
7 2 2 15 22 3 6 
24 2 3 4 5 9 3 
3 1 3 3 2 1 5 
1 4 3 2 225 1 6 
7 2 3 2 11 5 6 
2 4 27 122 11 1 6 
7 17 1 2 86 59 1 
7 17 5 2 226 3 6 
9 17 2 2 86 3 1 
7 2 5 2 42 3 6 
7 17 12 2 1 3 6 
23 4 2 2 6 3 17 
2 1 1 3 6 3 5 
2 1 1 362 2 1 6 
18 89 77 98 122 86 16 
2 2 5 3 239 1 5 
10 27 33 44 52 5 7 
4 124 374 4 42 7 1 
9 2 3 4 5 9 3 
33 39 30 82 626 43 17 
4 326 40 4 42 51 1 
67 61 4 4 154 25 23 
2 2 52 3 23 100 5 
18 33 22 98 122 17 243 
8 2 27 53 11 3 1 
3 1 5 17 4 11 6 
9 17 2 2 86 3 6 
