24 30 5 2 785 3 6 
24 30 2 2 89 59 3 
33 110 103 140 104 172 79 
2 114 234 298 13 61 70 
8 61 4 28 74 829 23 
8 2 5 811 11 3 1 
33 723 30 82 373 47 17 
336 38 30 82 104 43 17 
2 4 5 25 156 203 5 
8 21 5 2 59 1 5 
33 153 134 82 189 44 17 
33 38 30 82 539 35 36 
33 42 30 82 104 43 17 
2 4 5 2 2 1 8 
3 1 5 465 11 11 6 
103 110 103 140 210 786 79 
7 61 4 64 90 48 1 
24 2 2 2 89 59 6 
2 1 1 2 2 3 5 
63 164 24 188 306 19 18 
1 2 2 10 22 5 6 
103 39 30 82 113 47 17 
8 2 5 53 10 3 1 
1 6 137 176 40 3 3 
305 756 279 607 479 585 276 
277 22 212 143 134 54 16 
2 257 2 243 11 25 212 
397 110 30 140 626 169 79 
1 6 61 244 797 32 3 
7 84 5 2 23 3 26 
