24 17 2 15 23 3 6 
33 39 30 82 618 47 17 
33 39 30 79 188 43 41 
33 39 30 79 619 47 41 
53 437 30 81 118 71 36 
10 23 16 19 6 18 364 
2 4 1 93 11 506 6 
114 110 30 140 104 164 79 
8 4 2 2 6 3 17 
1 2 215 4 620 24 8 
33 39 30 82 23 43 17 
33 66 30 174 188 43 17 
121 397 330 434 556 482 324 
6 4 5 2 2 456 5 
2 17 12 462 2 1 5 
9 17 5 465 350 3 3 
2 1 5 10 2 1 6 
55 21 42 71 11 37 3 
1 2 3 491 5 9 3 
19 1 12 3 2 1 5 
33 39 30 82 104 324 365 
4 7 10 4 1 507 1 
33 39 30 82 104 73 68 
4 7 10 1 622 7 1 
184 39 30 492 113 43 17 
14 17 5 2 11 3 366 
8 61 80 64 58 3 23 
33 38 30 79 113 47 17 
37 364 4 28 74 99 23 
63 223 181 251 306 263 18 
