7 39 30 140 104 43 41 
7 112 287 2 6 67 6 
7 110 5 2 303 67 6 
2 112 5 2 303 67 6 
7 112 5 2 303 61 6 
2 222 29 250 188 25 35 
7 222 29 250 303 25 35 
2 608 29 250 303 67 35 
55 110 103 171 188 169 79 
55 110 103 2 188 261 79 
55 110 103 172 188 261 79 
2 110 103 171 188 169 79 
1 1 2 4 2 3 6 
40 1 1 3 2 1 6 
2 24 1 3 676 1 6 
4 6 137 176 40 478 3 
7 17 234 2 10 3 6 
33 168 30 82 113 43 17 
24 2 2 2 861 3 3 
7 112 5 2 303 67 6 
124 39 30 82 189 1 160 
37 52 57 48 127 99 23 
37 29 75 48 860 25 23 
2 1 21 3 2 1 293 
2 4 1 93 11 68 6 
458 39 30 79 104 47 17 
4 7 12 4 862 51 1 
53 38 30 81 118 71 550 
33 39 103 82 189 43 41 
22 28 5 28 363 3 35 
