9 1 5 10 22 3 6 
33 38 134 240 104 47 36 
124 39 30 82 104 47 17 
4 7 10 4 825 7 1 
33 38 513 82 104 43 17 
33 39 30 82 113 631 17 
37 476 292 28 682 25 542 
7 17 4 64 694 3 35 
86 230 191 691 827 129 76 
121 91 527 218 828 647 183 
121 621 528 692 829 576 545 
121 623 529 226 830 648 548 
128 446 530 218 271 649 173 
121 625 530 693 831 650 551 
78 90 531 684 832 208 536 
447 206 525 689 824 646 361 
2 3 12 3 2 1 5 
121 204 198 486 707 241 553 
448 39 30 82 104 56 17 
33 622 30 82 113 35 36 
277 105 121 143 134 54 16 
103 110 532 140 188 164 79 
87 39 533 82 189 44 74 
84 106 29 28 74 99 546 
162 215 534 694 833 208 556 
121 498 202 568 834 651 559 
130 627 86 124 835 126 95 
148 629 535 695 836 72 562 
86 86 393 124 402 652 230 
449 631 506 218 271 653 173 
