33 39 66 115 113 47 41 
9 2 2 38 113 5 6 
32 39 30 82 189 43 17 
24 28 4 28 10 59 125 
46 21 5 3 2 1 5 
4 7 10 4 396 7 1 
84 106 29 28 74 183 87 
84 141 29 28 392 136 90 
84 141 29 28 74 136 232 
84 106 29 28 43 183 31 
84 141 29 144 180 183 231 
84 106 29 28 74 99 87 
84 141 29 144 180 183 113 
84 141 29 144 43 183 31 
84 141 29 144 74 183 3 
84 106 29 28 43 99 87 
27 272 22 49 43 9 31 
27 33 22 49 389 317 87 
27 33 95 49 43 9 31 
84 141 29 144 74 183 231 
27 33 22 49 43 317 87 
84 106 29 144 74 136 90 
84 106 29 144 74 183 87 
84 148 29 144 74 183 90 
84 141 29 144 390 183 231 
84 148 29 144 74 136 90 
84 141 29 144 74 183 31 
84 106 29 144 74 161 90 
84 141 29 28 74 161 90 
27 33 22 49 74 9 31 
