24 2 2 2 5 3 1 
1 2 3 4 10 9 3 
2 17 17 3 2 1 5 
2 1 12 407 11 1 5 
2 428 1 2 7 1 5 
8 364 4 64 129 99 35 
8 2 80 28 74 24 23 
8 364 80 64 129 25 35 
8 2 2 212 127 253 147 
60 30 2 2 89 59 6 
24 2 2 2 89 3 6 
24 17 27 10 11 3 6 
33 17 27 10 11 47 6 
7 114 52 2 13 3 6 
33 36 5 2 89 3 6 
7 17 5 10 2 3 6 
9 17 5 10 350 253 3 
9 2 2 10 309 3 147 
8 2 2 212 22 253 147 
24 30 2 2 11 253 6 
24 30 5 2 89 25 6 
9 2 2 10 127 29 5 
24 30 5 2 13 3 6 
37 52 4 131 127 29 23 
37 52 57 131 127 29 23 
8 2 5 2 10 3 6 
24 30 2 2 86 3 6 
9 17 5 10 350 3 23 
2 29 4 48 10 25 24 
2 29 4 48 13 3 57 
