24 2 1 2 10 3 1 
2 52 29 194 127 99 23 
33 39 30 79 189 43 41 
24 17 2 3 2 1 5 
91 39 30 82 104 43 17 
24 71 5 62 17 67 6 
2 362 4 38 141 34 35 
4 2 4 62 4 5 10 
2 1 5 64 2 1 5 
87 124 30 82 189 44 74 
8 367 80 64 129 25 35 
7 17 301 243 23 3 12 
1 4 303 4 3 3 6 
33 39 30 79 506 47 5 
2 1 1 3 2 1 297 
1 2 1 3 5 9 3 
1 1 2 2 2 3 17 
2 1 2 4 2 1 5 
7 368 5 395 10 3 26 
2 28 4 28 127 3 35 
175 6 216 332 261 7 262 
1 14 2 2 6 1 17 
33 283 44 82 189 414 17 
1 4 2 2 496 3 17 
237 306 254 340 433 349 290 
2 15 98 48 356 25 23 
2 4 4 48 358 25 280 
1 2 3 4 5 9 21 
98 359 98 125 180 150 113 
2 29 296 48 131 25 57 
