1 2 42 62 11 9 8 
14 482 5 2 2 3 6 
33 39 66 79 104 43 17 
7 4 5 68 11 58 6 
2 103 5 62 11 12 23 
2 1 12 3 3 1 5 
10 27 16 19 10 282 7 
2 4 1 2 11 3 6 
8 17 2 2 11 1 6 
2 4 1 93 258 3 335 
2 84 12 3 568 1 5 
9 2 4 62 4 5 335 
196 39 30 79 104 47 17 
33 39 66 82 113 43 120 
33 66 30 79 10 43 17 
356 17 5 10 350 3 3 
33 39 30 79 113 544 17 
33 39 405 82 104 394 17 
33 176 30 82 113 164 41 
33 176 66 115 113 47 41 
33 39 66 115 113 65 41 
43 1 12 3 2 1 5 
7 1 12 3 2 341 5 
2 1 12 348 2 1 5 
2 1 12 9 2 1 5 
33 176 30 82 113 164 17 
31 17 2 15 23 3 12 
33 260 30 79 113 43 17 
24 483 2 2 10 289 1 
42 1 5 17 11 3 6 
