1 4 3 4 5 9 3 
1 4 3 4 5 3 3 
1 6 60 24 12 28 208 
8 15 214 27 11 80 23 
2 1 21 3 2 1 204 
4 7 10 4 1 292 1 
2 1 12 3 355 1 5 
2 15 4 48 356 25 23 
2 15 214 27 13 80 23 
2 250 4 281 358 25 57 
175 251 216 282 359 293 102 
2 15 4 48 360 25 6 
176 4 2 2 6 3 17 
2 252 4 48 4 25 1 
175 251 4 105 10 25 102 
177 251 216 282 359 293 102 
179 2 4 62 4 5 6 
180 194 2 68 19 231 147 
37 253 75 48 126 25 3 
2 1 5 3 2 5 205 
2 15 4 48 360 25 23 
9 25 2 283 22 3 6 
181 17 2 10 11 3 6 
182 17 5 2 10 3 6 
7 4 5 2 11 3 6 
24 2 2 15 10 3 12 
184 39 30 82 113 43 17 
173 4 1 68 11 290 6 
2 4 5 5 10 1 5 
178 7 95 284 354 88 1 
