7 112 42 62 11 2 259 
62 4 5 2 2 1 282 
5 7 10 4 42 7 1 
62 4 4 2 2 1 236 
5 7 1 4 1 7 1 
7 17 5 2 18 3 6 
7 84 52 10 119 178 247 
7 17 52 2 18 3 6 
7 112 42 62 13 67 6 
2 356 12 3 2 1 5 
2 1 12 3 20 1 5 
62 4 5 2 20 1 5 
2 1 12 3 70 1 5 
2 1 21 3 20 1 5 
1 4 301 2 6 3 42 
1 4 2 2 6 3 178 
2 1 1 3 4 1 5 
13 1 2 2 6 3 38 
1 2 307 4 90 112 5 
15 2 3 4 5 9 5 
22 15 1 64 74 25 23 
2 17 12 3 2 1 78 
22 1 12 3 2 1 5 
2 257 4 243 2 25 23 
7 17 284 15 13 3 294 
22 201 315 56 127 25 23 
7 2 2 395 10 3 26 
37 365 21 394 505 24 23 
33 38 30 82 113 43 36 
14 17 5 3 11 3 6 
