33 39 30 79 450 85 17 
33 39 30 78 113 85 17 
240 22 164 111 116 366 264 
1 7 10 349 261 7 1 
4 7 10 4 1 7 23 
24 2 2 2 156 3 1 
2 17 5 3 104 1 5 
7 2 52 2 10 3 6 
7 2 6 10 2 37 1 
7 4 52 2 11 3 5 
7 17 1 2 86 3 1 
7 17 1 2 86 3 50 
8 2 2 212 23 100 147 
9 17 52 10 89 3 6 
9 17 2 10 11 3 6 
9 2 4 62 4 37 6 
9 114 52 10 23 3 3 
9 2 2 2 156 3 1 
24 30 2 2 11 59 6 
24 17 2 2 2 3 6 
33 39 2 82 104 3 6 
37 15 4 10 127 25 57 
2 61 120 38 40 34 35 
14 2 2 10 11 3 6 
27 99 22 356 43 375 31 
2 2 12 3 2 1 5 
14 17 5 10 350 3 3 
7 10 2 10 11 12 6 
2 61 2 133 74 80 23 
7 78 42 4 11 12 8 
