2 28 4 28 426 60 35 
91 2 42 4 169 25 8 
2 1 1 5 2 343 5 
87 39 30 81 189 44 74 
103 110 103 82 188 164 79 
87 39 30 82 189 44 17 
102 123 102 100 134 103 16 
175 6 216 282 261 346 3 
27 305 22 49 43 9 31 
1 6 5 4 261 7 3 
81 7 10 4 1 7 1 
10 31 63 129 101 9 49 
27 22 31 18 178 86 16 
7 4 27 68 11 3 6 
9 2 4 62 10 5 17 
8 2 1 53 11 3 1 
9 25 2 10 431 3 6 
2 195 1 3 2 1 5 
220 7 41 4 42 7 1 
4 7 41 4 1 7 1 
2 294 1 3 2 1 5 
1 3 6 331 3 75 3 
7 1 2 298 2 3 6 
221 1 5 2 11 1 26 
1 6 5 282 261 7 3 
175 251 216 282 359 293 3 
27 33 22 104 134 7 31 
1 295 216 282 359 293 102 
37 52 57 26 127 29 1 
192 295 216 282 359 293 102 
