7 17 5 2 10 3 337 
7 17 5 54 10 3 6 
7 17 5 385 10 3 6 
7 39 30 10 11 3 17 
7 71 355 62 11 67 8 
7 112 5 433 11 413 6 
8 10 2 2 490 12 6 
8 10 2 385 19 12 6 
8 17 5 372 10 59 6 
9 2 4 62 4 5 337 
9 17 52 10 10 520 1 
24 17 5 15 23 3 12 
24 17 65 2 624 3 17 
33 2 65 79 104 3 1 
33 38 30 207 104 43 17 
33 38 30 238 104 43 338 
33 38 46 79 104 44 36 
33 39 30 79 104 43 5 
33 39 30 82 113 85 36 
33 39 30 375 104 47 17 
33 39 30 417 104 47 17 
33 39 30 417 113 171 17 
33 39 30 546 483 47 17 
33 39 46 79 113 47 17 
33 39 46 82 104 35 17 
33 39 46 375 104 47 17 
33 39 46 544 104 47 17 
33 39 65 79 104 43 232 
33 39 65 82 113 44 79 
33 39 402 546 113 43 17 
