32 38 30 883 152 35 17 
33 38 30 82 152 35 17 
33 39 240 140 113 43 41 
33 39 5 82 104 43 17 
33 39 30 79 113 47 79 
33 39 30 82 68 43 17 
33 39 30 203 188 47 17 
33 39 66 82 104 864 41 
33 110 30 159 210 164 79 
33 153 30 79 104 173 17 
7 2 5 2 2 11 6 
35 43 9 5 8 2 21 
37 59 4 48 220 25 23 
53 38 30 81 118 44 36 
81 155 30 848 231 43 93 
103 110 30 140 210 164 74 
103 110 103 140 104 865 120 
103 110 122 82 104 164 120 
103 790 103 140 104 164 79 
118 39 30 79 152 47 68 
1 7 2 83 2 3 6 
572 7 10 4 1 7 1 
103 38 65 82 113 47 17 
573 7 10 4 1 7 1 
2 10 1 2 7 1 5 
574 1 1 3 2 1 5 
2 1 70 882 1124 1 5 
4 7 10 884 1 7 1 
192 251 216 282 359 293 102 
191 251 216 282 359 293 102 
