2 2 5 2 11 404 6 
78 239 204 274 635 501 192 
14 21 511 10 86 3 6 
8 364 80 28 74 385 533 
9 114 2 53 127 3 3 
67 2 5 2 23 3 6 
437 605 291 26 127 24 35 
7 112 5 2 23 1 26 
2 609 12 3 2 3 5 
8 61 291 26 470 24 35 
2 1 1 3 811 3 5 
10 610 59 19 10 5 7 
18 268 521 108 134 86 16 
37 52 57 26 470 29 23 
2 403 29 64 90 25 35 
76 22 77 189 134 101 31 
24 4 2 10 23 3 12 
18 2 22 100 1 86 31 
18 2 22 104 43 86 31 
18 2 229 18 159 526 16 
18 22 229 160 43 636 60 
18 33 20 326 1 637 16 
18 35 22 104 43 86 31 
18 89 78 98 122 86 16 
18 614 395 683 138 639 535 
18 105 20 143 585 635 16 
18 105 22 143 43 635 16 
18 150 105 138 237 198 126 
27 613 22 104 43 526 6 
64 19 22 351 138 638 16 
