2 1 1 3 2 1 291 
121 239 200 540 686 452 408 
8 10 2 3 11 12 6 
7 71 2 321 11 67 6 
160 17 2 2 11 12 6 
37 52 57 26 129 546 23 
103 484 103 140 188 164 17 
24 1 1 4 2 3 6 
4 7 10 3 2 7 5 
64 467 71 100 134 160 407 
1 4 2 2 6 3 52 
1 4 2 2 6 1 3 
1 4 2 20 6 3 6 
227 297 253 541 424 3 250 
33 39 30 78 104 1 17 
4 7 10 4 1 532 1 
103 39 30 140 189 44 74 
7 2 5 10 11 3 6 
7 376 5 2 10 3 6 
9 2 4 542 4 5 6 
2 1 12 3 2 1 26 
2 1 1 3 2 319 5 
2 21 5 543 60 1 5 
14 1 1 3 2 1 5 
33 38 30 79 113 56 17 
33 39 30 544 113 547 409 
14 21 2 121 23 3 6 
1 17 12 9 2 1 5 
2 17 2 49 2 1 5 
2 4 2 4 19 7 6 
