7 112 5 2 798 3 6 
24 2 2 84 10 3 1 
33 110 30 82 113 43 17 
7 2 5 395 2 3 6 
24 2 79 2 10 3 1 
33 39 30 79 104 65 705 
77 7 10 876 89 7 6 
4 17 2 877 1 3 129 
24 17 52 2 2 3 1 
7 2 2 2 89 856 6 
552 30 1 2 89 59 6 
103 782 30 140 188 168 79 
7 7 10 10 1 7 1 
2 1 1 3 2 857 5 
7 17 79 15 23 3 5 
124 39 30 82 113 47 17 
22 172 4 64 1111 25 23 
2 59 662 105 126 25 57 
24 2 2 2 1112 3 1 
9 22 173 146 153 3 6 
33 38 30 82 113 225 36 
2 222 663 28 898 25 212 
2 686 29 250 1113 858 228 
123 167 158 204 233 212 706 
9 1 29 28 1032 3 35 
33 39 30 79 104 807 17 
33 110 30 79 104 206 17 
16 2 2 2 309 253 147 
4 7 10 5 2 7 1 
33 39 30 238 113 43 17 
