37 52 57 26 107 29 23 
2 59 4 27 126 29 23 
37 15 29 112 127 25 57 
37 1 29 28 58 25 58 
2 4 84 105 126 25 57 
2 29 84 48 131 25 57 
76 33 78 104 43 109 31 
4 8 10 4 1 7 1 
64 22 85 142 134 101 16 
64 22 77 98 134 94 60 
64 22 77 155 134 160 16 
64 33 78 18 139 86 16 
8 7 4 4 125 7 1 
17 152 8 5 8 2 4 
86 86 88 102 164 130 76 
86 116 88 124 162 129 17 
86 86 86 124 166 129 76 
86 86 87 124 160 129 73 
32 66 66 82 163 43 17 
33 39 30 79 104 86 17 
33 82 30 82 104 56 17 
7 2 5 10 119 3 26 
1 2 3 4 5 9 17 
17 3 8 5 8 2 4 
2 1 1 3 11 3 5 
33 38 30 82 118 43 17 
33 39 30 82 104 43 41 
33 124 30 139 113 47 74 
26 2 8 51 8 46 1 
26 43 9 101 8 46 21 
