1 4 2 2 6 3 337 
31 1 1 2 2 1 3 
197 1 21 4 2 1 5 
4 7 10 4 36 7 1 
10 332 50 99 120 76 52 
48 7 10 4 344 7 1 
197 332 10 2 7 1 5 
2 332 10 3 2 1 5 
4 377 10 4 1 7 1 
48 332 10 4 1 7 1 
37 332 4 28 19 24 23 
2 332 1 3 2 1 351 
31 332 1 2 7 1 5 
5 7 10 4 1 174 51 
4 7 10 4 1 510 51 
5 7 40 4 42 51 1 
239 119 50 126 171 51 112 
5 7 10 4 1 507 337 
4 7 10 4 1 507 163 
1 61 4 38 517 59 9 
158 389 359 385 10 3 1 
196 39 30 79 113 43 17 
33 263 30 82 113 47 17 
2 1 12 3 239 1 12 
7 2 6 10 10 3 1 
9 61 4 62 4 5 6 
53 38 30 79 104 35 17 
33 157 30 557 113 117 68 
33 39 30 79 683 117 36 
7 2 5 64 23 3 1 
