2 28 4 64 599 3 35 
53 39 44 82 113 35 17 
181 17 1 10 23 3 6 
316 17 2 15 23 3 12 
22 28 4 28 363 3 23 
9 25 357 10 7 3 6 
2 1 12 3 19 1 5 
2 15 4 405 154 25 35 
7 2 2 15 23 3 12 
1 3 10 4 3 3 3 
9 2 12 2 11 3 1 
24 1 5 10 11 68 6 
2 52 29 48 23 25 23 
18 70 77 97 115 86 47 
24 2 2 2 601 3 1 
32 39 30 79 104 117 36 
22 15 4 3 602 25 35 
7 2 2 2 89 59 6 
2 4 5 4 2 1 5 
2 39 30 82 113 47 17 
2 2 52 3 2 100 5 
24 2 2 2 17 3 1 
53 39 30 82 603 43 17 
124 39 30 82 113 47 74 
7 17 358 2 10 3 354 
7 17 5 2 2 1 6 
2 61 10 26 600 25 23 
6 15 5 2 11 1 5 
2 427 5 37 60 1 5 
8 10 1 2 11 12 6 
