7 2 5 2 156 7 26 
7 2 5 2 453 3 26 
7 2 5 3 11 3 1 
7 2 5 53 11 3 26 
7 2 668 2 156 3 6 
7 4 4 2 13 25 57 
7 4 5 2 221 3 5 
7 7 10 4 1 7 26 
7 17 5 2 10 7 6 
7 110 30 159 210 3 79 
7 17 5 880 10 3 6 
7 17 669 2 10 3 6 
7 2 2 2 156 3 6 
53 39 30 81 104 71 36 
7 661 12 2 11 3 6 
2 1 1 888 2 1 5 
7 84 5 10 119 67 26 
7 97 52 2 135 3 26 
7 788 5 2 156 3 26 
8 1 21 28 176 3 35 
9 39 30 203 113 47 17 
10 31 95 49 1123 7 1 
33 39 103 140 113 43 41 
18 22 22 104 205 86 6 
18 93 22 18 116 175 47 
24 2 2 2 1125 3 1 
24 30 2 2 89 863 6 
7 39 30 82 113 43 17 
26 43 9 101 8 46 4 
27 2 22 104 43 526 31 
