8 10 149 2 1 12 6 
10 1 12 3 2 5 7 
33 39 12 82 104 173 5 
33 39 149 2 104 12 6 
37 1 57 26 107 29 35 
37 253 4 48 126 25 3 
48 7 10 4 183 7 1 
166 2 1 10 17 3 1 
33 310 103 82 113 64 41 
4 7 256 4 1 7 1 
7 2 5 342 156 3 6 
2 309 1 2 7 1 5 
7 17 5 2 440 1 6 
7 17 5 2 441 3 6 
7 17 5 2 10 3 12 
7 311 5 2 11 67 6 
7 311 257 2 11 67 6 
24 30 2 2 2 120 6 
7 4 5 68 11 1 6 
7 4 5 68 11 1 257 
234 10 2 2 67 12 6 
1 308 95 49 436 353 258 
233 2 42 4 90 25 8 
7 2 5 341 10 3 6 
24 30 255 2 89 59 6 
7 84 5 10 437 3 6 
124 39 30 79 438 47 17 
235 2 42 62 11 9 8 
2 4 1 2 442 1 5 
7 53 2 10 11 7 3 
