32 39 30 82 570 43 36 
33 38 337 441 104 43 17 
33 38 30 82 118 43 339 
33 39 30 82 572 47 17 
33 38 30 79 113 43 341 
37 28 120 28 571 3 23 
103 110 30 140 459 164 340 
114 406 103 140 459 164 338 
114 406 103 140 459 164 79 
114 110 30 140 188 473 342 
258 174 154 193 574 472 284 
9 2 4 6 4 133 6 
2 35 2 3 2 1 5 
7 17 2 15 567 3 12 
4 7 10 4 1 462 337 
33 39 30 78 104 43 38 
47 294 3 4 1 1 17 
264 1 161 79 5 1 17 
203 408 338 443 577 475 343 
305 409 339 444 578 391 344 
1 410 10 4 261 7 1 
2 330 4 361 127 25 57 
1 6 137 176 40 478 3 
200 6 61 176 40 20 224 
18 22 78 18 139 86 16 
18 70 22 97 116 388 47 
64 100 22 104 133 61 16 
1 6 61 176 40 180 3 
306 163 135 175 219 476 101 
122 163 135 175 219 476 101 
