8 17 5 2 460 59 6 
33 39 30 79 247 43 17 
33 39 30 296 104 85 38 
2 64 4 64 126 7 23 
2 1 21 3 2 9 5 
18 22 5 18 43 86 16 
2 52 57 26 74 29 35 
37 418 57 26 129 29 23 
2 1 5 10 11 1 5 
175 6 216 4 261 7 3 
4 7 10 457 1 7 1 
33 66 44 82 189 44 17 
7 21 5 62 4 173 44 
8 10 149 2 104 12 6 
1 1 21 3 2 1 5 
8 10 149 2 11 12 17 
1 6 216 4 261 7 3 
130 240 87 458 335 126 194 
33 66 30 82 113 206 17 
136 188 69 456 270 277 152 
9 53 2 53 11 12 3 
9 2 2 10 10 3 6 
24 10 2 2 89 59 6 
8 30 2 2 11 12 6 
9 2 2 10 11 3 5 
9 17 5 53 151 3 6 
7 2 5 72 22 3 6 
9 17 1 53 151 102 6 
7 2 5 72 22 102 3 
2 6 1 3 2 1 5 
