7 71 5 62 893 67 26 
9 27 89 19 10 5 7 
24 526 2 2 11 3 1 
471 39 30 82 104 56 17 
7 17 5 2 10 3 569 
7 2 5 10 290 37 1 
2 71 4 62 11 3 6 
9 2 2 10 11 253 147 
33 39 30 82 6 56 17 
8 2 5 72 2 383 6 
24 4 5 10 11 120 6 
9 53 1 15 11 3 6 
468 662 565 100 899 114 566 
33 39 30 79 189 43 17 
1 2 3 4 902 9 3 
2 52 291 368 900 25 541 
8 663 291 28 127 700 35 
37 664 292 64 127 25 412 
37 61 292 545 23 701 412 
37 665 4 739 23 25 23 
37 61 292 545 23 25 23 
22 526 2 2 10 3 1 
10 592 59 738 10 5 7 
9 61 21 28 90 59 35 
16 2 5 62 3 9 8 
2 1 5 10 886 1 5 
33 39 30 79 210 47 17 
180 656 2 213 19 231 147 
1 2 42 450 10 3 59 
8 112 5 62 357 694 26 
