8 4 12 3 13 12 6 
24 2 2 2 10 3 218 
33 38 30 167 104 173 68 
33 39 664 82 104 56 17 
64 100 22 24 1114 486 243 
1 309 2 83 2 3 6 
7 17 1 2 2 3 26 
150 39 30 82 113 43 17 
24 17 5 2 2 3 1 
432 17 2 2 11 3 6 
103 110 30 82 188 168 17 
84 141 665 878 1115 859 90 
7 2 5 2 10 81 6 
1 2 42 90 394 9 59 
7 2 5 3 798 3 6 
119 39 30 82 118 44 17 
2 22 10 4 8 7 1 
4 7 10 248 1 7 1 
9 2 2 2 10 3 6 
2 114 5 2 2 3 5 
22 490 292 26 1117 24 412 
7 17 5 6 13 3 6 
7 378 5 2 156 3 6 
14 2 420 10 22 3 6 
33 38 12 82 1 7 1 
2 61 2 64 332 7 422 
2 1 666 3 2 100 5 
33 110 30 140 1041 164 79 
1 2 2 4 5 1 3 
2 10 5 4 19 3 6 
