150 4 1 2 7 1 5 
168 17 5 4 1 7 1 
169 220 5 10 11 256 6 
1 6 61 244 40 32 3 
2 15 4 27 126 25 23 
81 155 30 163 231 3 93 
81 155 30 82 231 3 93 
81 155 30 163 231 1 93 
2 1 12 3 89 1 5 
2 1 12 3 2 1 159 
24 17 2 15 10 3 12 
63 34 27 33 45 36 213 
81 155 30 163 231 190 93 
33 38 65 79 113 47 17 
10 2 107 62 120 76 1 
35 185 162 5 8 222 21 
17 2 8 5 8 2 143 
35 2 8 51 361 2 21 
17 2 9 5 8 222 21 
9 2 4 26 4 5 6 
4 7 10 57 1 7 1 
9 17 4 62 4 5 6 
9 17 5 62 4 5 6 
4 7 5 4 1 7 1 
18 7 212 111 122 103 16 
4 7 2 4 42 51 1 
8 10 4 2 11 12 6 
1 7 6 4 3 3 3 
9 2 1 62 4 5 12 
2 1 219 3 7 1 5 
