22 15 4 3 74 25 23 
55 172 21 49 125 7 1 
1 61 4 38 517 1 35 
7 84 5 2 19 3 6 
22 61 4 38 517 59 35 
10 27 59 19 10 5 130 
7 17 2 2 11 12 6 
10 27 43 19 875 5 7 
3 1 23 17 11 675 6 
2 112 1 3 876 9 5 
262 2 5 10 874 3 1 
114 1 12 3 2 1 5 
37 59 4 27 128 25 23 
2 4 39 4 19 3 6 
33 39 151 82 118 85 17 
9 2 2 2 86 3 1 
33 42 30 82 113 44 17 
9 21 2 212 153 253 147 
33 38 30 79 113 206 17 
27 255 77 18 25 17 16 
460 646 2 62 412 223 6 
7 14 52 2 13 3 6 
2 1 52 3 1 100 5 
103 39 30 82 113 631 17 
444 2 79 2 10 3 1 
8 61 4 470 470 29 35 
8 620 292 26 127 29 23 
8 620 292 28 485 668 35 
2 1 4 28 822 25 58 
8 620 292 28 127 29 23 
