33 39 30 544 113 35 17 
33 39 30 79 506 206 17 
194 38 65 82 113 35 17 
337 39 30 79 104 47 17 
33 110 30 82 113 47 17 
2 1 4 38 141 60 35 
24 115 2 2 10 3 1 
64 85 77 98 134 693 16 
2 17 5 10 11 3 6 
9 2 2 10 10 3 1 
9 17 5 2 10 3 6 
2 4 5 2 882 1 5 
2 4 52 93 11 3 6 
55 21 2 10 11 37 6 
8 17 5 2 11 12 6 
7 21 5 2 4 61 44 
3 1 5 10 11 3 6 
32 38 30 78 104 173 17 
462 4 5 10 11 3 46 
7 17 5 724 11 3 6 
9 25 5 2 10 11 26 
277 22 20 143 123 54 16 
33 39 65 115 104 43 41 
22 15 4 399 74 99 35 
8 10 57 2 11 68 6 
2 1 1 3 23 1 5 
2 15 4 64 17 7 23 
33 39 30 79 483 43 17 
2 15 12 3 2 1 5 
2 7 95 4 11 3 6 
