37 61 27 470 176 3 6 
7 17 358 2 86 3 1 
2 4 12 3 2 43 5 
2 17 2 49 23 1 5 
60 53 5 10 13 3 3 
33 459 30 82 189 44 17 
8 61 4 133 89 80 23 
60 69 52 10 786 3 6 
73 17 1 10 2 3 3 
47 2 12 3 153 1 5 
2 2 79 10 10 44 5 
47 4 12 3 2 1 5 
2 4 12 3 2 44 5 
2 1 1 3 2 37 5 
8 2 2 10 10 59 5 
2 1 52 212 2 253 147 
108 27 59 19 10 5 7 
54 1 252 3 104 47 5 
2 4 12 3 104 1 5 
2 1 52 3 2 59 18 
2 1 52 3 2 100 18 
2 1 1 3 2 1 18 
2 2 2 212 153 253 147 
53 1 1 3 2 1 5 
7 17 12 62 4 9 5 
2 2 3 4 5 1 3 
4 2 12 3 2 1 5 
7 2 2 212 153 253 5 
1 4 2 2 10 3 5 
8 17 2 2 11 12 1 
