64 22 20 142 134 495 6 
64 22 20 100 144 17 16 
258 174 31 193 241 160 131 
64 22 85 100 134 17 16 
8 10 2 2 11 12 585 
121 156 410 170 232 717 94 
4 7 10 4 919 51 1 
37 673 29 64 127 718 23 
437 52 57 26 129 29 23 
484 33 77 100 885 269 16 
103 110 103 171 188 67 79 
64 450 388 100 134 519 16 
64 226 85 100 134 719 16 
485 430 375 473 885 116 411 
18 22 22 754 345 86 47 
2 17 577 3 2 1 5 
64 89 203 98 134 160 60 
37 52 4 28 127 99 23 
33 39 30 82 211 43 17 
33 39 30 82 188 56 17 
8 17 288 2 11 12 6 
2 17 5 62 11 67 6 
10 2 34 6 39 88 3 
2 10 2 4 19 7 6 
18 1 2 10 11 68 6 
1 4 2 2 6 3 587 
10 31 63 384 101 9 49 
18 268 229 18 159 721 243 
33 66 30 82 920 43 17 
2 364 4 38 141 25 35 
