4 38 10 4 1 7 1 
33 38 30 82 2 35 1 
64 89 77 100 94 103 16 
10 81 50 99 104 76 52 
2 39 30 82 104 44 36 
4 7 12 4 1 7 1 
1 2 42 4 2 58 34 
64 33 30 98 94 17 16 
33 7 30 82 118 43 17 
2 1 12 3 98 1 5 
64 22 22 100 134 204 16 
9 2 218 2 11 3 1 
8 112 5 62 23 67 6 
2 4 1 2 371 1 5 
4 7 10 292 1 7 1 
9 2 4 62 264 5 6 
80 22 72 18 134 103 126 
8 10 2 2 67 291 6 
2 75 21 48 2 34 1 
1 21 5 293 13 9 6 
1 7 5 4 261 3 1 
7 21 2 2 22 3 12 
2 1 21 3 2 298 5 
186 7 41 4 42 7 1 
55 172 21 49 114 83 51 
3 2 5 17 11 11 6 
64 33 22 111 122 303 16 
2 1 1 5 11 1 5 
2 1 1 5 2 1 144 
2 4 1 2 7 297 5 
