1 2 2 4 5 9 3 
35 43 8 51 8 2 21 
2 1 12 3 6 1 5 
37 75 5 48 312 273 1 
64 22 22 100 242 139 16 
10 2 107 260 120 76 1 
2 2 42 4 90 272 8 
2 1 21 3 2 90 5 
2 4 192 2 7 1 5 
9 2 2 2 13 5 6 
2 231 4 48 90 25 1 
32 38 30 82 104 35 17 
64 232 77 100 94 160 16 
33 39 30 79 313 35 17 
8 84 5 10 119 178 26 
2 1 12 3 2 275 5 
157 39 30 79 104 35 17 
33 39 66 82 104 44 174 
33 39 30 82 315 56 17 
2 4 2 25 11 3 5 
2 28 27 28 11 34 125 
4 7 40 4 2 51 1 
33 39 30 79 113 43 41 
158 30 2 2 89 120 6 
2 75 5 2 316 34 1 
64 96 22 100 134 103 16 
1 6 5 195 12 28 1 
10 33 22 49 43 82 191 
64 22 20 143 134 54 16 
24 2 5 3 23 3 1 
