37 607 57 26 127 29 23 
103 110 103 171 104 169 79 
33 39 30 82 303 25 41 
2 110 30 250 303 25 35 
2 608 29 250 303 25 35 
37 106 4 27 127 29 23 
124 66 30 140 189 47 17 
2 75 4 48 141 34 50 
7 28 4 28 17 34 68 
81 39 65 82 104 43 17 
33 39 30 391 807 47 17 
7 75 4 681 141 34 1 
37 52 57 26 107 25 23 
33 110 30 115 104 47 41 
1 4 2 2 808 3 17 
2 21 519 37 2 1 5 
2 2 2 10 127 59 5 
7 112 5 2 13 630 26 
429 535 520 612 809 280 532 
175 350 5 4 261 7 3 
1 6 216 282 261 634 3 
1 6 5 282 434 7 3 
2 1 12 3 810 1 5 
8 52 57 26 127 29 23 
7 2 358 11 188 3 1 
7 2 5 2 167 3 6 
4 595 16 2 10 5 6 
9 2 95 72 11 12 1 
9 2 5 62 11 1 6 
9 2 16 15 23 3 6 
