4 17 2 15 2 3 12 
47 55 2 10 11 68 8 
2 1 5 3 11 1 5 
76 22 20 100 134 101 16 
76 33 31 104 43 109 31 
64 105 203 189 134 54 16 
2 22 77 98 134 17 16 
64 22 121 100 134 103 16 
18 22 68 104 122 106 16 
27 22 72 108 116 375 16 
1 111 5 48 394 88 233 
18 22 22 98 138 101 16 
64 22 20 100 134 101 16 
112 22 77 100 134 17 16 
216 33 78 100 124 86 251 
216 150 105 109 146 390 306 
18 70 77 97 116 86 47 
18 22 77 98 122 17 16 
2 15 4 3 154 25 23 
7 112 5 15 119 67 6 
1 61 4 38 517 59 35 
7 112 5 1 13 1 26 
7 17 2 15 2 3 6 
84 141 29 28 651 136 35 
64 105 20 100 94 103 16 
2 112 4 3 154 51 35 
7 1 4 64 74 25 23 
62 28 5 2 2 1 5 
22 7 4 64 74 25 23 
2 17 120 38 40 34 35 
