148 207 407 220 689 208 173 
320 488 168 477 647 208 410 
148 489 198 548 609 549 358 
319 430 375 473 610 116 411 
357 215 170 182 646 514 381 
136 445 408 504 662 515 156 
84 460 29 144 74 183 90 
79 27 95 44 10 5 7 
8 17 2 2 23 12 5 
33 39 30 549 113 43 17 
57 53 4 28 363 3 35 
32 39 30 547 104 43 17 
33 39 30 192 189 43 17 
33 39 30 82 104 550 139 
8 17 1 79 506 1 5 
33 39 30 82 104 43 139 
33 42 30 79 104 47 17 
33 176 30 82 112 43 17 
33 39 30 546 104 548 17 
33 39 30 547 104 43 17 
32 39 406 82 104 43 17 
33 38 409 82 104 43 17 
103 110 30 140 188 3 325 
9 2 2 82 104 5 6 
2 2 2 79 104 59 5 
53 39 30 79 104 44 36 
8 2 2 79 104 253 147 
33 487 30 82 113 35 17 
2 4 1 4 19 1 333 
2 1 52 3 693 100 5 
