8 10 2 2 864 12 6 
7 28 5 62 1 34 6 
457 172 21 49 349 224 51 
9 53 5 53 11 99 3 
2 1 16 3 2 3 526 
4 10 10 3 1 669 1 
4 7 10 4 1 7 549 
103 628 21 10 67 3 216 
258 630 497 713 753 615 131 
227 632 253 338 424 337 250 
33 626 65 79 104 35 17 
33 39 30 82 104 56 539 
2 2 1 3 2 3 41 
2 1 1 3 2 1 41 
2 2 1 3 2 3 5 
8 17 6 3 2 1 1 
1 6 137 176 40 5 3 
2 504 12 3 2 1 5 
9 1 2 10 11 3 218 
178 280 327 129 42 180 6 
3 1 1 3 2 1 5 
1 4 287 2 6 3 5 
27 33 22 49 43 459 31 
2 2 1 9 2 3 5 
178 280 327 129 42 9 6 
33 39 418 82 113 85 17 
24 2 2 3 10 3 1 
2 1 21 714 2 1 5 
24 17 2 15 23 3 552 
24 2 1 2 10 3 6 
