166 2 2 2 10 3 1 
2 4 5 4 19 3 6 
2 4 1 4 11 62 5 
4 7 137 4 10 7 1 
18 22 165 98 931 86 16 
2 1 12 2 2 577 5 
9 2 5 10 550 3 1 
1 6 61 176 40 180 224 
7 2 2 212 11 253 147 
431 2 2 2 11 3 1 
7 17 1 2 1065 3 1 
9 53 5 10 550 3 3 
7 2 27 2 156 3 6 
33 38 65 82 113 47 17 
37 75 4 48 11 34 1 
1 6 137 176 10 478 3 
546 2 2 3 11 3 1 
8 10 2 2 135 12 6 
9 17 2 2 11 12 70 
113 230 88 839 162 129 75 
10 1 1 3 140 3 5 
4 6 137 176 1 478 3 
7 114 16 2 13 3 70 
550 39 30 79 113 44 17 
2 52 29 48 126 99 23 
9 2 2 2 135 3 6 
2 17 12 2 907 59 6 
2 4 95 68 11 12 5 
2 10 5 133 19 3 6 
4 7 95 4 1 7 1 
