2 4 1 93 104 3 6 
24 2 2 10 23 3 12 
97 132 394 178 192 159 107 
10 451 50 99 120 76 52 
64 7 212 111 122 103 16 
2 15 4 48 131 25 57 
18 457 395 104 4 526 31 
216 165 311 100 124 86 390 
64 235 72 519 116 233 6 
337 39 30 79 483 47 17 
8 455 291 494 127 24 19 
24 17 389 10 23 3 12 
1 33 20 18 116 10 47 
2 4 391 4 2 1 5 
10 81 50 99 120 521 52 
4 7 392 4 1 7 1 
18 451 229 18 656 114 16 
2 451 391 3 2 1 5 
10 452 50 99 120 76 52 
104 7 10 4 657 7 1 
2 1 1 3 2 1 387 
346 2 3 4 5 9 3 
2 453 391 3 2 1 5 
2 454 1 3 2 1 5 
37 52 57 26 658 29 23 
10 453 50 99 120 76 52 
2 52 29 470 127 99 23 
33 39 103 79 104 43 17 
33 262 30 115 104 43 17 
33 39 30 517 104 43 17 
