123 752 195 182 1060 821 672 
103 110 103 140 1048 164 79 
247 748 30 82 189 47 17 
2 1 4 28 321 25 58 
1 2 42 4 2 25 59 
7 198 5 2 10 3 6 
16 2 642 62 3 9 8 
7 2 2 2 10 289 1 
10 1 59 836 10 5 7 
1 4 2 2 1064 3 17 
103 110 103 833 11 1 79 
2 1 1 3 714 1 5 
19 24 23 837 397 16 15 
9 2 5 10 350 3 3 
1 2 3 27 5 9 679 
8 2 5 53 1055 3 105 
22 146 4 38 40 68 35 
2 1 1 3 1062 1 5 
19 24 23 20 26 16 678 
83 17 2 15 23 3 12 
6 4 5 2 2 1 59 
1 374 2 2 6 3 17 
1 4 641 2 6 3 17 
10 27 16 19 10 823 7 
24 2 5 10 10 120 6 
17 2 8 835 8 2 4 
1 2 3 3 6 9 3 
545 4 1 2 7 51 5 
64 22 68 98 410 103 16 
37 4 4 48 1063 555 57 
