2 1 10 4 1 7 1 
4 7 2 4 19 3 6 
55 21 2 71 11 1 3 
2 21 5 2 2 12 5 
8 10 5 2 11 3 6 
55 21 2 71 11 5 3 
1 84 5 10 11 3 6 
7 55 346 10 19 413 6 
2 21 1 93 11 3 6 
1 2 42 450 10 9 59 
7 2 49 4 11 66 8 
8 21 5 451 11 5 1 
7 396 5 62 591 61 44 
2 2 42 209 90 25 8 
3 415 2 452 11 3 6 
10 17 2 10 11 227 5 
10 2 42 4 90 25 8 
1 3 6 4 3 66 1 
7 1 5 10 11 11 6 
7 55 5 10 590 481 6 
2 257 16 243 23 3 12 
7 1 12 2 2 3 5 
136 188 69 113 270 277 152 
33 176 30 82 188 43 17 
10 7 10 4 1 7 16 
4 7 10 4 1 292 57 
37 4 4 48 3 25 5 
4 7 10 4 1 7 46 
18 235 164 100 138 114 16 
48 7 10 3 4 7 1 
