2 4 1 2 74 1 5 
9 4 2 2 7 5 6 
1 7 42 4 98 58 34 
37 7 75 48 3 25 23 
8 2 2 2 17 12 6 
9 2 2 2 6 5 6 
2 112 29 48 5 99 23 
2 4 1 3 22 1 5 
7 25 5 10 11 67 6 
2 4 1 3 1 1 3 
2 4 12 3 2 1 5 
9 25 2 10 2 3 6 
7 4 5 10 11 3 6 
7 97 5 2 13 3 26 
7 97 5 2 13 7 1 
4 1 40 4 42 7 1 
62 84 176 2 2 1 5 
4 7 10 4 2 7 1 
2 7 12 3 42 1 5 
2 1 1 4 1 62 5 
4 1 10 4 23 7 163 
73 1 2 4 2 3 6 
2 1 177 3 2 1 5 
2 2 1 3 4 1 5 
8 1 2 3 11 1 1 
33 38 30 79 104 43 36 
33 39 30 173 113 35 68 
4 7 40 249 42 7 1 
33 38 44 82 189 44 17 
33 39 30 173 104 35 68 
