103 753 30 79 189 168 79 
19 1 1 3 2 1 5 
7 2 5 2 798 3 6 
7 17 5 68 11 1 6 
2 1 1 3 399 1 5 
8 2 5 53 11 59 105 
2 1 1 3 5 3 5 
33 39 30 82 113 219 17 
33 39 30 79 908 206 17 
8 2 5 2 11 3 105 
315 17 5 2 10 3 6 
2 2 3 3 5 9 3 
10 415 2 2 11 227 5 
7 2 5 395 10 3 26 
24 2 2 25 10 3 1 
103 110 103 140 188 164 120 
2 1 12 3 119 3 5 
103 110 37 140 188 168 79 
103 110 30 79 189 168 79 
2 4 1 341 7 1 5 
33 38 30 81 104 35 17 
2 1 269 3 140 3 5 
10 31 95 49 91 7 1 
24 2 5 62 4 425 1 
200 6 404 176 40 180 224 
1 2 2 3 5 3 3 
14 17 5 2 89 3 6 
2 1 4 64 332 7 422 
7 84 52 10 11 3 6 
3 470 2 2 11 11 6 
