10 27 43 317 6 18 7 
14 3 5 4 10 3 6 
2 17 52 10 11 3 6 
24 2 5 53 23 3 5 
2 2 5 2 2 1 1 
114 39 30 79 188 35 17 
103 110 30 140 104 168 79 
33 39 30 79 483 85 17 
354 39 30 82 113 64 17 
103 110 103 140 459 164 79 
114 110 30 140 104 168 79 
114 110 30 140 684 164 79 
53 39 30 81 104 35 36 
53 39 30 82 104 35 17 
33 39 30 116 113 47 17 
33 39 30 79 104 35 36 
24 2 6 53 23 3 1 
32 160 30 82 152 44 36 
114 110 30 140 498 164 79 
265 39 30 82 188 43 17 
103 28 30 28 363 3 79 
47 55 5 10 11 43 8 
33 153 30 82 104 543 17 
33 38 30 79 683 43 17 
33 38 30 79 684 43 17 
22 15 4 64 23 25 23 
2 1 12 3 2 11 5 
355 2 42 4 90 25 8 
9 481 42 10 11 9 253 
7 17 5 2 685 3 6 
