326 223 503 253 305 263 168 
332 34 27 33 45 36 6 
8 15 4 3 154 25 35 
3 4 5 2 11 1 6 
8 17 2 2 23 12 350 
8 15 4 337 154 25 35 
33 176 30 79 483 43 17 
33 39 418 79 113 47 17 
24 21 2 62 67 48 1 
2 84 2 2 2 68 5 
114 39 30 79 113 47 17 
103 2 5 10 67 3 216 
8 10 2 2 11 589 6 
7 17 2 2 11 3 12 
2 84 12 3 2 1 5 
24 30 2 2 11 616 6 
7 114 5 2 10 3 6 
10 27 59 44 10 5 7 
53 39 44 82 5 35 36 
7 539 2 2 86 3 12 
10 592 59 19 10 5 7 
33 39 30 82 89 59 139 
4 7 10 4 42 25 519 
9 17 5 10 11 3 525 
1 7 6 4 3 51 3 
91 21 2 10 153 3 147 
9 17 2 10 775 3 6 
2 594 52 3 2 617 5 
55 586 27 10 147 37 6 
7 17 2 2 785 3 1 
