2 52 225 48 127 99 23 
2 2 2 10 10 404 2 
2 2 2 2 10 404 5 
7 17 52 2 127 3 25 
8 2 2 536 153 253 147 
8 10 1 68 11 58 6 
9 27 2 10 11 3 3 
9 2 2 121 10 59 147 
9 2 2 10 11 3 3 
14 21 2 121 86 3 6 
24 2 288 72 16 3 6 
24 2 2 2 156 404 1 
24 2 2 2 13 3 1 
24 2 2 2 687 3 1 
55 53 5 10 11 3 3 
185 2 5 2 11 3 6 
33 110 30 79 113 43 17 
9 2 2 72 22 405 6 
37 52 57 26 127 99 23 
2 486 4 28 129 25 58 
1 3 1 331 3 3 3 
9 53 2 10 2 3 3 
103 110 103 140 188 1 79 
7 17 52 10 688 3 25 
2 1 42 3 4 1 5 
1 3 3 4 3 3 3 
1 2 89 4 90 25 8 
1 2 6 4 5 9 3 
10 27 42 19 10 132 7 
7 2 6 121 13 37 1 
