7 4 2 2 19 1 26 
33 1 30 82 113 43 17 
2 28 4 406 90 34 1 
7 2 12 299 10 3 6 
22 61 4 28 363 99 35 
24 17 52 10 89 418 6 
2 1 12 79 2 1 5 
27 255 105 18 25 160 16 
2 61 120 38 40 34 40 
2 15 4 3 154 25 1 
4 7 40 4 42 51 35 
33 176 30 82 104 47 17 
33 39 30 82 113 77 17 
33 38 30 78 104 43 17 
32 39 30 174 104 43 36 
33 38 30 82 189 64 17 
302 39 30 82 104 47 17 
33 39 30 391 104 56 17 
33 195 30 82 104 47 17 
10 27 43 19 6 535 7 
7 17 358 2 22 3 1 
9 53 5 465 2 3 3 
7 172 21 49 125 224 1 
2 17 2 3 4 1 5 
7 53 2 465 11 3 3 
367 505 428 574 284 576 176 
6 4 5 2 2 1 427 
2 1 5 3 725 1 5 
7 17 52 15 23 3 12 
1 4 250 2 6 3 17 
