2 115 4 26 127 3 35 
47 2 5 10 11 48 6 
22 15 4 64 360 25 23 
18 22 77 100 134 103 60 
18 89 77 351 122 113 16 
10 2 106 349 1 7 1 
10 2 106 349 261 7 1 
64 22 77 98 122 17 16 
18 33 22 104 116 1 16 
9 21 4 28 1 3 1 
18 22 22 18 410 103 1 
76 375 318 409 124 285 31 
18 7 10 4 1 7 1 
64 22 20 143 134 103 16 
18 22 77 345 134 378 47 
64 22 68 255 138 103 16 
18 22 22 98 138 320 16 
85 100 22 18 158 86 149 
80 70 68 97 122 106 16 
64 33 22 10 122 303 16 
18 22 77 155 134 101 16 
2 2 12 3 1 1 1 
2 21 248 10 151 3 6 
8 10 248 2 11 12 6 
2 71 95 62 11 67 6 
2 1 12 3 2 436 5 
14 21 248 10 86 3 6 
9 2 2 53 11 3 1 
8 15 4 64 74 430 23 
7 2 5 480 10 37 1 
