17 2 9 5 8 46 21 
26 43 9 51 121 46 21 
35 43 8 5 8 46 21 
10 81 9 99 120 76 52 
4 7 10 148 1 7 80 
64 145 20 100 134 103 16 
35 2 9 51 8 2 21 
2 15 4 48 187 25 64 
2 61 4 64 126 7 24 
37 4 4 48 13 25 57 
2 4 4 48 13 112 57 
2 15 4 48 13 25 57 
2 61 4 64 126 7 23 
2 61 4 64 74 25 23 
7 2 5 10 10 37 1 
7 84 5 10 11 3 6 
8 10 5 153 11 12 6 
8 10 5 2 11 12 6 
2 4 119 25 11 3 5 
7 84 1 10 11 3 6 
2 4 119 25 89 3 5 
8 10 2 2 67 12 6 
79 27 33 44 10 5 7 
2 10 2 4 19 3 6 
6 4 5 2 2 157 5 
7 149 5 2 10 3 6 
1 2 6 4 3 3 3 
8 113 5 121 10 25 6 
32 39 44 82 104 44 36 
33 39 122 140 113 43 17 
