7 17 79 2 10 3 6 
9 25 2 3 22 3 6 
33 39 30 174 113 47 17 
33 153 30 82 104 295 17 
33 160 44 82 118 43 36 
33 39 30 82 104 173 17 
33 38 30 82 104 363 17 
33 39 30 82 104 35 263 
33 39 30 82 113 364 17 
86 86 86 319 419 362 75 
136 273 189 314 420 126 76 
86 314 239 330 418 129 261 
86 314 239 330 418 129 156 
135 188 69 113 276 126 152 
128 274 233 347 421 208 235 
89 86 236 198 398 209 157 
33 39 167 113 265 219 67 
209 189 86 124 422 244 153 
81 86 87 113 270 209 152 
81 39 69 113 276 43 152 
2 1 52 89 2 1 5 
2 4 5 2 114 1 5 
67 2 42 2 3 40 3 
1 4 2 2 42 3 17 
4 2 4 4 4 51 6 
4 7 10 87 42 7 1 
8 1 6 2 2 1 1 
10 81 50 87 2 76 52 
129 39 30 82 113 56 17 
129 39 30 82 113 47 17 
