86 86 370 271 837 280 76 
147 633 537 696 838 654 565 
81 104 538 113 143 43 67 
1 2 3 4 5 9 319 
450 281 87 269 327 279 95 
53 38 539 81 104 85 36 
81 633 537 696 838 654 565 
145 337 540 219 630 477 185 
210 204 542 261 498 650 183 
145 635 233 697 839 649 568 
89 637 543 271 594 246 95 
210 207 545 220 689 241 173 
335 88 546 367 840 655 571 
128 274 547 698 841 208 235 
451 239 369 699 842 656 574 
123 639 548 270 843 657 577 
452 633 537 507 836 658 173 
137 641 189 124 844 129 76 
130 598 88 276 327 659 95 
81 39 147 113 845 63 160 
453 492 196 220 846 649 580 
86 440 86 276 471 660 156 
121 643 170 274 847 661 583 
145 492 233 697 848 649 568 
86 230 86 700 411 662 95 
121 215 549 701 849 241 586 
138 68 551 223 850 248 161 
442 645 159 223 738 663 589 
128 631 506 702 271 653 592 
142 647 88 124 164 129 595 
