53 38 30 82 104 43 38 
33 38 30 79 104 214 17 
33 38 134 79 104 117 17 
33 110 30 79 113 164 17 
33 38 30 82 113 35 36 
33 39 134 82 113 333 17 
33 38 30 82 104 47 36 
317 39 30 79 113 47 17 
8 61 4 471 470 24 6 
8 61 4 472 470 99 23 
33 176 30 79 104 117 17 
8 61 4 472 470 24 6 
37 364 4 471 74 407 124 
318 2 30 82 113 43 42 
33 39 30 82 113 44 6 
33 39 30 470 189 47 17 
33 42 30 79 104 35 3 
33 39 30 296 104 47 17 
53 38 30 82 337 43 17 
33 39 30 79 113 65 17 
33 39 65 79 163 35 17 
33 406 30 82 113 43 17 
130 177 86 124 325 372 156 
86 228 88 221 598 278 355 
33 39 161 79 104 206 17 
33 38 37 82 104 43 17 
33 66 30 79 188 43 17 
7 17 79 15 23 3 12 
22 28 4 243 363 99 35 
9 21 4 28 363 3 35 
