27 33 22 49 134 7 31 
27 33 22 49 43 110 31 
175 6 216 282 261 7 3 
37 52 4 26 127 29 23 
2 4 5 2 87 1 5 
1 4 2 3 432 3 17 
7 110 103 140 188 164 79 
87 39 30 79 189 35 17 
87 110 30 82 189 44 74 
2 33 61 104 134 86 51 
130 155 34 113 39 88 31 
236 306 254 339 433 349 255 
175 6 216 4 434 7 3 
27 33 22 49 43 350 31 
237 2 254 340 435 349 256 
1 307 3 4 5 9 3 
27 33 22 49 43 351 31 
2 59 4 48 131 352 57 
33 39 30 79 104 47 36 
33 39 65 79 104 85 36 
7 4 5 2 428 1 5 
2 1 21 3 189 1 5 
4 7 40 4 42 341 1 
2 300 1 3 2 1 5 
2 1 1 62 7 47 12 
4 7 40 4 42 339 1 
229 17 2 15 427 3 252 
9 2 2 10 10 3 254 
231 2 1 2 10 3 1 
14 17 1 2 2 344 6 
