129 39 65 82 104 365 17 
1 14 2 2 6 1 5 
79 15 4 48 360 25 23 
33 283 44 82 189 44 1 
1 6 216 282 261 346 3 
1 6 5 332 261 293 3 
2 1 12 9 2 1 25 
9 1 4 6 4 5 1 
4 44 10 1 1 7 1 
232 2 42 4 90 25 6 
3 1 5 17 430 11 6 
8 2 2 2 11 345 6 
2 1 21 334 2 1 5 
7 2 5 2 74 3 6 
1 1 2 2 225 3 5 
2 21 1 2 7 1 5 
2 1 2 10 2 1 5 
33 38 30 79 104 64 17 
33 38 30 167 104 44 36 
53 321 44 82 104 35 36 
33 38 30 78 104 44 36 
33 322 30 173 104 35 68 
22 172 4 64 74 25 23 
2 59 84 105 126 25 23 
17 5 10 5 8 2 4 
33 153 30 78 104 43 17 
33 110 103 350 188 368 265 
33 176 30 82 451 43 17 
33 39 261 79 104 64 17 
33 39 30 79 452 43 17 
