33 38 30 82 104 56 17 
14 30 2 2 42 59 6 
33 429 30 82 113 508 17 
32 39 30 82 113 43 17 
33 39 44 79 113 47 36 
33 39 30 79 113 47 139 
7 21 5 62 2 48 6 
22 28 4 62 154 99 35 
7 4 2 2 10 3 6 
13 2 42 4 98 58 34 
24 2 2 53 10 3 1 
16 2 16 62 3 9 374 
4 7 10 4 1 510 1 
7 17 2 15 23 511 12 
7 25 1 4 10 62 5 
24 10 2 2 11 12 6 
9 25 1 4 19 62 5 
24 10 5 2 11 3 26 
7 10 5 10 151 3 1 
2 2 5 10 151 3 1 
24 25 1 10 19 62 5 
9 17 5 2 19 3 26 
24 2 5 10 151 3 1 
24 1 12 3 2 1 5 
103 1 12 3 2 1 5 
2 2 5 2 11 3 259 
2 17 5 2 11 3 26 
24 2 5 2 11 3 259 
2 2 2 2 10 3 1 
2 2 10 15 22 3 6 
