7 4 5 2 10 1 5 
2 4 1 2 2 3 5 
64 33 78 18 585 86 16 
18 33 22 326 1 109 60 
18 22 229 24 586 86 6 
27 255 78 18 43 86 16 
18 89 77 107 122 86 60 
18 70 165 97 115 86 47 
64 22 343 255 138 479 16 
18 22 22 18 345 86 47 
18 33 22 18 159 86 16 
76 22 165 98 116 480 16 
258 174 207 193 116 381 284 
18 22 20 104 25 160 60 
18 2 344 18 587 86 16 
307 413 113 446 588 392 347 
2 1 2 62 2 1 5 
1 17 2 2 11 12 6 
2 1 1 3 2 456 5 
2 1 12 449 2 1 5 
2 414 5 3 2 3 5 
1 1 2 448 2 3 6 
18 22 22 18 194 17 16 
1 2 3 4 5 9 16 
64 70 77 98 123 229 1 
4 7 10 4 1 7 3 
2 1 12 3 2 1 16 
4 7 10 4 1 292 5 
4 7 12 4 42 51 5 
1 6 29 2 40 32 6 
