33 39 30 82 1193 35 17 
592 2 2 2 11 12 6 
7 53 456 10 11 3 3 
33 38 30 82 113 171 17 
10 186 2 916 260 401 6 
1 2 3 9 5 9 3 
33 38 131 167 104 35 17 
1 32 2 2 6 3 17 
33 39 30 78 104 56 17 
593 1 5 17 11 11 6 
9 17 689 10 350 3 3 
33 810 30 82 104 56 17 
33 424 30 82 104 43 17 
2 1 1 3 5 1 5 
2 2 5 2 10 59 6 
33 39 103 311 104 35 17 
166 2 1 917 11 3 1 
32 39 30 79 1191 44 17 
1 2 10 3 5 9 7 
1 2 42 4 86 25 8 
166 2 2 10 89 3 1 
33 39 30 174 104 44 68 
9 539 687 10 90 3 3 
7 17 5 68 89 58 6 
33 153 134 82 104 44 17 
2 2 2 10 10 3 5 
2 2 4 842 1190 34 35 
2 1 52 3 140 3 5 
1 6 1 3 2 1 6 
9 403 4 28 86 25 35 
