2 21 5 4 2 1 5 
2 7 5 2 2 1 5 
33 39 30 79 113 35 162 
57 39 30 79 104 35 17 
124 39 30 82 189 47 74 
33 38 30 140 113 47 17 
4 22 10 4 1 7 1 
22 15 4 64 74 112 23 
62 7 5 54 2 1 5 
8 10 2 54 11 12 6 
7 17 2 10 86 3 1 
4 115 57 26 127 29 35 
4 7 10 67 1 7 1 
33 39 10 79 104 47 17 
33 39 30 82 104 44 174 
9 6 4 62 4 5 6 
1 1 22 24 12 28 1 
1 2 43 4 5 9 3 
1 6 29 176 40 32 3 
18 89 77 98 122 113 16 
2 28 29 64 238 3 35 
4 7 10 4 42 5 1 
4 7 40 1 261 7 1 
10 103 16 19 10 5 7 
18 2 77 97 115 86 47 
64 19 20 100 144 101 16 
19 24 42 246 300 259 57 
7 172 21 49 125 99 51 
10 7 10 4 1 7 1 
33 38 30 82 337 43 17 
