4 7 10 4 42 3 1 
258 174 207 193 134 381 284 
2 61 4 64 332 7 3 
7 53 2 10 11 3 1 
266 2 2 72 22 405 6 
27 33 22 390 43 350 31 
2 17 52 389 2 1 5 
24 17 297 2 2 3 1 
24 17 12 2 2 3 1 
24 17 12 3 2 1 1 
4 338 70 10 1 7 1 
7 2 5 2 10 413 6 
9 2 213 72 22 3 210 
33 39 103 79 500 35 17 
24 17 1 2 11 3 6 
8 2 2 212 11 253 5 
60 69 52 10 151 3 6 
7 4 1 2 11 58 6 
7 366 42 62 501 67 6 
268 55 5 10 11 68 8 
18 268 229 18 502 86 16 
24 30 2 10 11 3 6 
24 30 5 2 89 3 6 
7 17 52 10 13 3 6 
33 38 30 82 104 58 6 
32 39 30 82 104 3 6 
33 42 241 82 11 3 211 
33 39 30 82 104 3 17 
33 38 30 82 89 3 17 
33 38 30 82 11 3 17 
