2 2 2 10 86 59 5 
2 1 5 25 11 203 5 
8 2 5 53 89 3 105 
181 2 2 710 10 59 5 
1 6 137 176 416 32 3 
7 2 5 2 156 12 6 
7 17 16 68 10 58 6 
22 61 29 28 11 25 35 
7 2 5 10 10 309 26 
7 17 2 68 23 58 6 
2 1 57 28 351 25 58 
24 10 2 2 10 3 1 
9 52 57 26 1078 25 23 
14 1 2 10 11 3 6 
7 17 12 2 13 3 6 
8 364 80 131 470 422 23 
33 39 30 79 251 43 17 
37 52 57 26 10 29 23 
7 61 4 64 23 7 23 
8 2 4 842 90 34 35 
7 17 5 16 10 3 6 
2 29 4 48 13 25 57 
33 38 30 81 104 394 537 
22 75 29 26 1079 407 1 
33 39 30 79 112 828 17 
2 1 52 3 1072 100 5 
18 70 22 97 134 388 47 
3 17 5 84 11 11 6 
2 4 2 2 6 5 5 
551 53 2 10 2 3 3 
