2 28 84 28 74 99 35 
7 71 42 62 11 67 1 
7 4 2 83 2 3 6 
7 17 52 10 10 3 378 
7 1 2 2 6 3 6 
7 2 2 3 2 3 6 
9 84 4 28 363 3 35 
10 221 59 19 10 5 7 
10 27 16 19 301 5 7 
10 27 59 19 10 274 7 
10 27 178 19 302 5 7 
18 33 31 104 43 258 16 
86 228 416 269 927 279 241 
23 2 579 91 884 58 51 
1 2 580 91 884 7 51 
22 10 4 28 363 3 35 
22 28 4 399 363 25 35 
22 28 4 399 127 99 35 
22 28 4 28 363 3 6 
490 2 579 91 926 726 51 
2 15 4 48 17 25 23 
180 654 2 213 19 231 147 
200 6 61 147 40 180 3 
4 7 10 4 940 51 1 
22 28 4 28 470 99 35 
22 15 4 64 363 99 35 
22 52 359 761 522 430 23 
22 15 4 3 154 25 35 
22 15 4 28 363 3 35 
37 28 4 28 141 3 23 
