237 2 254 340 433 349 290 
37 52 21 388 127 29 23 
1 2 9 5 5 9 21 
2 15 4 48 356 150 23 
2 1 6 3 2 3 5 
9 1 2 10 22 3 6 
9 2 2 212 309 253 147 
175 6 216 332 261 7 3 
2 6 5 4 261 7 3 
2 52 57 26 74 29 6 
37 1 57 26 74 24 35 
37 52 57 26 74 29 23 
17 146 8 5 8 29 4 
84 61 29 26 127 29 23 
2 146 57 26 126 29 35 
2 1 57 28 74 29 35 
2 1 57 26 107 29 35 
37 1 57 26 74 29 23 
84 61 29 64 127 29 23 
84 61 57 64 107 29 23 
2 61 292 26 107 25 23 
22 61 29 26 127 61 23 
37 7 57 26 107 29 23 
10 33 61 104 134 7 89 
7 17 2 15 23 429 12 
2 17 2 3 2 1 301 
1 4 2 2 6 418 17 
7 8 5 2 10 3 299 
4 7 10 4 1 7 300 
8 10 2 2 11 12 12 
