1 597 5 332 261 293 3 
86 598 88 670 789 244 75 
2 1 2 3 2 626 5 
4 596 10 4 1 7 1 
24 2 5 72 153 5 39 
33 176 30 82 506 43 17 
33 38 30 507 104 43 17 
53 39 30 82 104 43 17 
53 38 30 82 104 459 17 
7 200 2 2 58 3 6 
2 4 5 2 2 12 5 
7 71 5 62 501 67 6 
7 222 5 250 303 25 35 
33 39 30 82 188 43 79 
37 455 29 667 74 34 35 
14 2 6 15 13 3 6 
8 455 291 668 127 24 19 
7 114 16 2 13 3 6 
33 42 241 671 506 35 211 
33 38 30 82 790 44 36 
33 38 507 82 104 43 17 
103 110 30 140 188 368 79 
4 599 10 4 1 7 1 
8 2 5 212 309 253 147 
2 2 2 3 2 1 5 
2 1 2 3 2 3 526 
33 38 30 78 104 35 36 
32 39 30 174 113 56 17 
430 39 380 79 113 206 17 
430 39 30 79 104 206 17 
