7 84 5 121 19 3 26 
1 4 2 2 300 16 17 
1 4 27 2 300 259 17 
91 21 2 10 153 830 147 
7 1 52 3 2 100 5 
8 2 2 212 13 253 147 
2 1 12 3 90 1 5 
9 53 358 10 11 3 3 
7 2 1 10 11 3 1 
7 114 12 2 151 3 6 
2 609 1 3 2 3 5 
62 4 5 2 10 1 5 
8 2 2 212 153 100 147 
33 38 44 79 104 43 36 
33 284 30 82 113 43 17 
32 42 30 79 104 47 17 
33 284 30 79 373 47 17 
33 38 44 82 563 43 17 
33 38 30 79 563 35 17 
430 39 133 79 113 206 17 
148 215 680 852 1158 241 183 
142 86 88 198 1183 362 156 
585 116 88 124 1166 209 636 
86 797 88 901 1157 129 241 
357 759 682 904 279 249 583 
128 433 366 906 1170 501 154 
210 593 684 218 787 744 173 
130 189 656 269 598 129 156 
121 801 170 227 324 884 724 
86 417 88 518 1181 129 241 
