2 1 12 3 2 1 291 
2 61 4 38 517 34 35 
7 17 5 386 11 3 70 
7 2 5 72 2 383 6 
9 2 2 10 495 59 5 
10 27 43 392 6 18 7 
22 28 5 28 363 3 26 
33 124 30 82 189 47 296 
33 358 30 82 113 44 17 
33 361 30 79 104 35 17 
33 38 30 82 104 35 292 
273 38 30 79 113 3 17 
274 61 4 64 11 25 58 
2 21 5 393 2 1 5 
4 7 10 4 1 7 295 
7 4 95 2 10 1 5 
8 17 5 2 10 3 6 
10 2 300 62 11 415 8 
114 1 103 140 459 164 5 
7 53 2 15 11 3 12 
7 30 2 2 11 59 6 
7 1 12 3 2 255 5 
8 2 5 72 2 5 6 
8 17 1 10 11 3 6 
9 17 5 2 10 59 6 
9 28 4 28 363 3 35 
22 10 5 362 2 3 5 
22 15 4 28 372 99 35 
33 39 30 296 104 85 17 
33 39 30 79 188 85 17 
