9 4 4 62 4 5 12 
2 1 1 3 2 5 5 
9 10 5 10 11 3 6 
22 61 4 64 74 25 1 
8 10 21 2 11 12 6 
2 4 1 54 7 1 5 
8 4 5 2 11 12 6 
2 21 2 37 2 1 5 
9 2 5 62 4 5 5 
2 21 4 3 2 1 5 
9 2 40 62 4 5 12 
4 7 4 4 42 51 1 
9 25 2 10 22 3 1 
9 25 2 279 22 3 6 
4 1 30 82 113 44 17 
33 2 4 62 4 5 12 
2 75 4 48 103 34 6 
2 75 5 48 141 34 1 
2 1 5 3 291 1 25 
4 7 40 4 42 51 5 
7 17 5 10 11 59 6 
7 4 1 68 11 3 46 
7 1 2 83 368 3 6 
2 15 4 64 17 34 35 
18 33 22 288 122 17 203 
188 2 5 2 89 5 6 
171 1 1 3 2 1 5 
7 53 42 10 11 3 3 
2 4 5 2 11 3 6 
1 2 3 4 6 9 3 
