3 1 5 84 10 11 6 
8 2 5 53 90 3 1 
1 1 2 83 2 3 1 
103 110 30 82 188 164 120 
24 25 2 2 226 59 6 
33 153 44 82 104 44 68 
24 2 5 2 10 289 1 
7 17 52 68 127 3 25 
2 1 12 3 127 1 5 
7 4 5 2 10 3 105 
19 1 2 83 2 3 6 
4 7 634 4 42 51 1 
24 30 2 2 127 3 6 
9 10 2 2 67 12 6 
7 84 5 2 11 309 26 
9 17 2 2 90 12 6 
4 7 10 4 23 7 1 
4 7 10 4 1 7 267 
7 112 5 2 167 3 6 
256 110 30 140 188 164 120 
22 403 4 28 90 698 35 
2 84 2 3 2 1 5 
60 69 52 10 10 3 6 
7 17 5 2 10 3 105 
2 3 1 3 2 1 6 
12 6 61 147 261 32 3 
7 17 2 68 11 58 6 
1 2 3 3 5 5 3 
24 2 2 72 11 5 39 
7 17 2 68 10 58 6 
