494 680 143 4 1 7 1 
4 681 10 4 1 7 594 
495 17 5 2 10 59 6 
2 682 5 3 2 1 5 
2 1 5 3 2 732 5 
496 683 2 2 465 733 1 
497 114 5 298 10 733 218 
493 7 10 4 1 7 1 
2 28 4 28 321 3 23 
498 2 2 2 10 733 1 
2 1 5 10 89 1 5 
2 682 5 3 938 1 5 
4 680 40 4 42 7 1 
2 1 2 372 6 3 17 
2 1 5 3 938 1 5 
24 683 2 2 10 3 1 
7 17 2 15 23 733 12 
62 4 5 62 2 732 5 
8 684 2 2 11 12 6 
2 4 1 2 7 1 596 
62 685 5 760 2 732 5 
1 6 5 195 12 736 1 
4 7 40 4 42 737 1 
501 646 2 62 412 223 6 
502 25 16 19 10 5 7 
6 4 5 2 938 1 5 
4 7 10 4 1 677 1 
2 1 12 3 938 1 23 
64 22 77 721 134 271 16 
4 7 10 4 1 735 597 
