18 33 22 98 122 17 16 
2 21 209 2 60 1 5 
9 53 2 53 11 99 3 
2 61 4 64 332 7 23 
24 2 2 2 10 289 1 
1 4 2 2 6 286 17 
33 39 30 79 112 43 17 
172 21 2 10 10 3 6 
10 3 16 19 10 5 7 
22 15 4 64 351 25 23 
7 246 21 49 349 224 51 
7 28 4 28 4 34 12 
33 39 30 82 113 287 17 
7 112 5 62 11 67 6 
8 17 52 10 11 3 199 
130 245 88 245 288 129 76 
37 75 4 48 141 34 1 
8 2 2 212 153 253 147 
2 1 12 3 343 1 5 
4 7 10 1 344 7 1 
7 21 2 62 67 48 26 
172 2 2 2 10 3 1 
7 4 1 2 11 1 5 
10 27 33 44 10 5 7 
9 2 2 10 23 3 6 
1 2 2 2 6 3 17 
8 17 5 2 13 59 6 
73 2 2 10 86 3 6 
174 15 163 38 353 24 35 
1 45 2 4 6 3 17 
