454 215 170 703 758 208 598 
86 440 87 269 851 279 67 
128 649 186 455 267 208 359 
121 651 38 695 836 72 601 
455 215 552 704 852 249 180 
121 209 186 705 853 241 604 
145 465 233 697 839 664 568 
2 1 12 3 2 1 547 
357 633 233 706 669 665 181 
456 645 553 223 738 666 607 
210 623 554 707 854 208 121 
147 47 555 182 281 667 610 
121 633 186 223 855 251 157 
121 653 556 708 856 63 361 
130 440 558 503 660 524 613 
121 655 500 219 285 650 616 
2 71 5 62 10 67 6 
364 633 536 274 708 572 94 
121 657 233 709 857 619 619 
217 277 560 219 403 328 173 
121 659 186 220 858 63 173 
2 4 1 2 7 28 5 
86 228 201 276 166 129 399 
130 86 87 124 327 131 76 
130 177 88 198 160 238 76 
81 104 69 113 143 119 156 
138 166 144 262 230 191 121 
128 238 202 217 329 469 336 
88 86 86 198 162 126 75 
33 39 122 192 189 44 17 
