33 39 30 476 104 43 17 
2 1 5 3 1 1 5 
2 61 4 64 463 3 1 
86 86 86 315 621 129 75 
33 38 30 79 113 332 17 
130 177 88 198 246 209 73 
147 215 159 493 623 509 367 
204 189 86 124 598 244 153 
121 167 361 233 233 252 227 
331 314 370 259 166 206 76 
33 176 30 82 104 35 17 
32 38 30 82 118 43 17 
33 38 30 82 104 171 36 
76 235 72 18 610 285 6 
64 431 20 100 134 101 16 
64 22 71 98 94 101 16 
64 431 20 100 1 101 1 
64 22 20 474 134 495 6 
27 33 22 104 43 390 31 
18 22 77 18 138 381 16 
227 297 253 475 424 337 357 
64 2 77 97 139 86 47 
33 39 30 79 113 332 17 
33 39 103 436 104 35 370 
2 1 5 10 608 1 5 
9 17 52 10 10 494 1 
7 17 5 10 10 412 6 
22 15 4 64 141 25 23 
9 2 4 62 4 5 102 
26 55 5 10 11 68 26 
