571 17 358 2 22 3 1 
33 39 65 82 104 7 1 
33 176 5 82 4 1 26 
4 326 10 4 1 7 1 
1 4 2 2 6 18 17 
7 17 5 2 13 386 6 
33 38 30 82 104 207 17 
33 39 30 82 104 12 6 
32 39 30 79 113 100 5 
2 17 2 2 22 3 6 
33 39 65 82 104 1 26 
64 22 85 100 134 101 16 
33 110 30 82 189 43 41 
64 22 203 351 514 229 16 
2 1 10 787 2 1 5 
64 33 77 100 1118 17 16 
33 38 30 544 104 43 17 
7 4 5 2 10 3 26 
2 25 5 2 7 3 6 
328 86 174 198 1119 209 95 
1 2 3 4 1120 9 3 
24 786 2 2 687 3 1 
553 30 2 2 89 137 6 
2 28 4 28 463 99 125 
7 112 5 879 11 3 249 
2 787 2 3 2 1 5 
60 39 30 79 104 44 17 
33 39 30 82 113 168 17 
33 291 30 82 113 44 17 
33 110 66 82 113 43 17 
