33 327 30 79 113 43 17 
8 1 17 3 23 1 1 
7 21 2 2 86 3 1 
2 71 5 62 2 67 285 
24 21 2 2 482 59 6 
8 17 2 306 153 253 147 
9 25 287 10 22 3 6 
6 4 5 2 4 282 5 
33 39 66 79 104 219 17 
37 1 29 64 131 24 23 
33 39 240 79 483 43 17 
8 2 5 53 480 3 1 
1 17 2 15 484 3 1 
33 39 30 79 243 43 17 
2 71 5 62 11 67 269 
245 1 12 3 2 1 5 
2 4 4 105 455 25 57 
123 91 194 261 339 208 173 
33 39 150 82 248 35 17 
7 17 265 15 23 3 12 
2 71 5 62 11 12 6 
33 38 44 82 104 43 132 
33 39 30 79 113 12 17 
2 28 29 64 486 267 124 
22 28 4 64 363 3 35 
32 38 30 79 104 43 36 
8 1 6 3 2 157 1 
33 38 293 79 188 47 41 
7 97 5 2 135 3 26 
80 22 20 377 134 111 286 
