64 22 20 351 134 94 16 
258 174 207 193 336 590 131 
64 22 85 98 134 101 16 
64 22 203 100 134 591 16 
64 22 459 100 134 94 16 
18 22 77 98 122 101 16 
2 59 4 27 13 25 23 
76 22 460 100 751 592 60 
64 133 203 142 134 160 60 
64 22 121 100 752 3 16 
64 89 20 98 134 593 16 
80 89 71 98 652 594 16 
64 105 203 100 134 94 16 
397 110 30 140 188 169 79 
64 22 460 351 752 187 60 
33 39 66 82 113 43 17 
64 133 71 98 652 94 16 
64 288 203 189 134 94 60 
64 22 31 100 134 103 16 
64 288 71 98 652 94 16 
64 22 203 100 134 258 16 
64 226 85 100 134 54 16 
258 174 474 193 753 595 131 
18 235 475 18 134 285 6 
33 39 30 80 211 85 17 
64 19 20 98 754 101 16 
8 4 1 3 11 1 5 
64 22 121 100 134 270 16 
64 22 85 98 652 270 60 
64 89 20 77 122 103 16 
