32 15 57 64 153 58 35 
7 172 21 49 936 9 31 
27 33 22 49 116 10 47 
10 33 22 49 115 82 31 
18 70 164 97 116 86 47 
258 174 207 193 43 381 284 
64 22 78 98 116 86 16 
10 8 34 6 39 7 31 
10 31 22 49 43 82 31 
1 172 269 62 116 377 147 
10 8 22 6 39 20 3 
27 33 22 49 1007 9 31 
10 33 22 49 1008 82 31 
530 2 2 2 10 3 1 
526 722 611 808 1000 783 644 
526 722 611 808 1006 783 644 
526 722 611 808 1000 784 644 
527 722 611 808 1006 783 644 
2 21 1 3 2 100 5 
58 39 30 174 113 35 17 
423 33 22 49 43 20 31 
420 7 10 4 1 7 1 
532 1 12 3 2 1 5 
33 491 30 82 113 43 17 
2 4 1 4 19 785 5 
18 22 613 104 25 160 60 
145 88 616 809 1009 646 645 
9 10 5 10 22 3 648 
9 2 4 810 4 5 6 
2 1 52 3 11 100 5 
