2 4 1 3 140 3 5 
2 61 21 64 10 25 35 
8 2 80 470 74 700 23 
9 2 2 15 11 5 369 
7 4 5 2 156 3 6 
8 2 5 2 11 67 105 
7 17 218 2 10 3 6 
2 21 382 2 59 1 5 
10 1 59 71 10 5 7 
7 17 358 2 1091 3 1 
86 440 86 198 746 129 95 
7 30 5 26 10 3 6 
2 10 12 3 2 1 5 
7 2 27 2 11 1 6 
7 2 5 10 2 3 6 
9 479 2 2 11 5 6 
121 154 146 169 212 458 92 
8 17 5 15 10 177 6 
121 210 170 182 1087 330 690 
121 90 172 854 1085 837 691 
64 22 77 98 123 229 16 
4 6 61 176 40 180 224 
2 4 1 2 7 5 5 
2 112 5 2 10 59 6 
67 17 5 2 10 307 6 
33 38 65 82 189 171 141 
33 39 30 82 104 751 17 
2 4 27 2 11 3 5 
33 39 30 82 113 365 17 
33 153 30 82 189 35 17 
