37 61 4 64 141 3 61 
24 526 1 2 10 3 1 
8 2 2 785 153 3 147 
166 2 2 10 11 3 1 
7 30 2 2 74 59 6 
14 21 2 10 350 3 6 
7 2 2 2 188 3 1 
37 114 292 26 351 25 541 
47 22 22 98 138 320 47 
7 17 2 2 10 3 1 
4 27 59 19 10 5 7 
1 2 2 2 11 5 5 
7 2 5 10 10 408 1 
33 39 30 82 11 3 17 
24 2 2 10 10 59 5 
7 110 30 140 188 3 325 
33 39 134 79 118 43 17 
33 39 30 79 540 43 17 
33 39 30 82 570 35 17 
33 42 30 82 104 47 17 
32 39 30 82 764 214 17 
33 39 30 82 210 43 17 
64 19 203 100 144 101 16 
99 706 99 128 182 773 113 
1 2 2 2 89 5 6 
24 2 5 10 309 253 147 
64 22 20 100 134 187 60 
33 707 30 79 104 206 17 
8 17 4 786 11 48 147 
2 10 5 2 2 1 5 
