33 176 65 79 113 85 17 
33 66 44 82 113 43 17 
32 38 44 79 104 43 36 
53 39 44 82 104 35 310 
22 28 10 64 533 59 311 
33 38 134 240 113 44 17 
7 379 6 10 10 37 1 
4 380 10 4 42 25 1 
33 39 103 79 104 120 17 
33 39 30 116 189 47 41 
18 89 166 98 122 86 16 
33 381 30 82 118 43 17 
2 32 79 2 7 1 5 
86 189 191 124 325 131 76 
64 70 22 103 123 86 16 
86 86 88 269 318 129 76 
81 188 69 113 534 277 152 
7 2 2 2 10 3 1 
84 6 29 28 74 99 35 
145 91 168 413 535 434 198 
76 70 78 104 43 109 31 
76 22 165 414 116 86 16 
27 33 22 49 101 9 31 
279 86 88 415 536 127 241 
10 31 34 47 101 435 1 
24 17 4 10 23 3 12 
2 4 5 2 2 3 8 
9 27 43 19 6 18 7 
8 7 40 92 42 51 1 
2 257 80 243 2 3 212 
