9 28 80 28 363 3 35 
9 20 5 2 11 3 1 
37 485 292 545 470 25 6 
227 297 253 475 424 337 250 
63 223 181 254 782 581 169 
7 17 5 2 10 3 468 
216 22 85 142 134 101 16 
6 4 5 2 2 1 523 
99 127 91 665 170 148 109 
33 38 30 82 104 623 36 
2 1 12 3 784 1 5 
33 38 30 79 113 43 524 
33 591 30 82 113 47 17 
8 2 2 64 238 3 35 
33 176 30 115 113 3 17 
2 39 30 82 188 43 5 
62 4 5 2 118 1 5 
62 4 5 2 22 1 5 
9 2 4 62 7 5 6 
9 2 2 2 113 3 6 
33 39 5 82 113 1 5 
2 114 5 2 13 3 6 
29 7 10 4 42 7 1 
2 4 5 82 113 1 5 
33 176 65 115 113 43 17 
7 17 5 82 113 3 6 
2 1 12 3 497 1 5 
33 1 30 82 113 11 17 
7 2 300 115 113 3 17 
6 4 5 82 104 1 5 
