1 4 2 2 225 1 17 
33 66 30 79 113 43 17 
33 39 103 79 189 35 17 
33 39 30 82 104 56 326 
33 39 30 82 189 44 17 
103 110 103 140 188 164 6 
12 7 40 4 42 51 1 
2 7 1 4 1 7 1 
33 38 30 82 118 225 17 
72 39 69 277 143 35 98 
293 39 30 82 189 43 68 
33 195 30 79 113 43 17 
2 1 5 2 7 1 5 
33 39 30 296 104 35 17 
33 39 30 82 104 43 325 
50 39 30 79 104 206 17 
33 38 30 161 104 43 17 
33 39 30 139 113 56 17 
124 37 30 79 104 35 17 
124 236 30 82 189 47 74 
33 66 30 192 189 56 17 
121 398 332 215 549 237 318 
2 399 1 2 7 1 5 
22 1 29 435 58 51 35 
2 1 4 26 74 25 23 
33 39 103 79 113 35 17 
33 39 30 79 189 35 17 
33 39 30 82 189 47 38 
1 4 2 433 6 3 17 
32 38 30 79 104 117 36 
