86 177 88 415 659 522 76 
89 273 86 276 660 129 95 
33 38 30 82 104 43 388 
137 86 393 198 325 279 95 
137 177 88 269 662 524 156 
86 177 87 518 471 523 76 
121 213 190 218 299 241 389 
346 1 21 3 2 1 5 
130 86 174 198 594 126 76 
99 127 91 508 184 148 109 
97 458 396 141 663 527 107 
98 122 98 125 664 150 113 
84 459 29 28 74 528 90 
84 460 397 144 74 529 87 
27 31 29 28 360 161 87 
1 6 95 5 39 7 51 
76 22 165 98 146 254 16 
2 7 10 4 189 7 1 
87 124 30 82 113 7 74 
7 2 5 2 10 67 6 
288 388 29 28 74 450 35 
288 388 29 28 98 450 35 
2 1 4 28 126 25 58 
288 388 29 28 665 450 35 
160 84 5 10 11 1 5 
1 2 8 4 5 9 3 
24 30 2 2 13 59 6 
24 17 2 2 11 59 6 
4 7 10 4 11 51 1 
1 30 2 2 89 3 6 
