2 1 2 3 2 3 5 
7 17 12 2 10 3 6 
2 17 1 2 7 1 5 
2 1 1 5 22 1 8 
2 1 12 3 2 12 5 
59 1 12 3 92 1 5 
7 4 5 2 13 3 26 
8 1 12 4 3 3 3 
1 2 3 3 5 9 3 
24 30 2 2 89 59 6 
24 65 2 2 89 59 6 
7 17 5 2 11 3 6 
24 17 2 15 23 12 12 
24 2 2 2 10 3 1 
2 1 1 3 2 54 5 
2 1 5 2 11 1 26 
3 1 5 84 11 11 6 
10 2 50 62 91 73 45 
1 2 3 4 5 9 6 
17 43 8 5 8 2 21 
7 21 5 37 2 1 5 
2 4 2 72 11 12 6 
2 15 1 2 7 1 5 
2 4 1 2 2 1 5 
2 4 1 4 19 62 5 
2 3 2 2 6 1 5 
8 4 2 2 6 1 25 
1 32 2 2 6 1 17 
1 4 2 6 6 3 17 
1 4 2 43 6 3 17 
