121 337 159 215 820 245 367 
53 38 30 82 118 85 36 
1 17 5 2 10 3 6 
2 53 2 3 2 3 526 
9 2 2 4 10 3 1 
24 10 2 2 23 12 6 
2 474 52 3 2 1 5 
8 17 2 2 10 3 6 
2 1 5 10 23 1 5 
7 1 5 10 23 1 5 
2 112 5 62 67 67 6 
7 112 5 62 67 67 6 
2 4 5 25 89 203 5 
33 39 103 391 104 47 17 
2 17 5 10 10 3 6 
2 17 2 3 23 1 5 
292 66 30 79 113 43 17 
64 22 22 100 134 160 16 
27 33 22 49 43 20 6 
4 6 10 176 1 32 1 
18 22 20 98 138 301 16 
18 619 526 690 859 399 544 
9 2 2 53 11 99 3 
9 2 2 710 10 59 5 
53 38 30 82 104 35 17 
265 110 30 140 104 164 79 
367 615 523 704 549 642 173 
4 7 10 711 1 7 1 
33 110 30 82 188 43 35 
7 112 5 2 6 67 6 
