44 17 5 2 11 3 6 
43 17 2 10 23 68 5 
24 17 2 10 23 68 5 
1 4 2 2 59 3 17 
7 17 5 2 67 3 6 
2 63 1 3 7 1 5 
9 62 4 62 4 5 6 
1 2 3 4 20 9 3 
4 7 14 4 1 7 1 
8 17 5 2 10 59 6 
55 74 2 71 11 37 3 
1 57 3 4 5 9 3 
10 27 16 19 10 5 7 
7 17 5 2 2 3 6 
7 17 5 2 10 3 5 
2 7 1 3 20 5 1 
60 69 52 10 11 3 6 
1 7 10 4 1 7 1 
2 17 21 3 2 1 1 
10 27 16 19 80 5 7 
2 15 4 38 17 12 35 
8 10 2 2 11 70 6 
4 25 2 10 22 3 6 
8 4 1 2 7 1 5 
10 62 43 19 6 5 7 
2 4 1 2 73 1 5 
1 4 2 80 6 3 17 
4 7 2 4 1 7 1 
8 4 1 2 85 51 5 
9 1 1 3 2 1 5 
