33 39 30 79 104 43 41 
33 39 30 79 104 43 17 
33 39 32 79 104 47 17 
24 2 5 53 23 3 1 
2 15 4 3 154 25 35 
2 4 1 2 7 1 7 
2 1 5 17 7 11 6 
2 2 2 4 17 3 6 
42 1 5 17 2 11 6 
22 25 2 10 22 3 6 
1 2 3 4 42 9 3 
2 1 1 88 2 1 5 
1 2 3 27 5 9 6 
4 2 9 5 8 46 21 
3 1 5 17 1 11 6 
2 1 21 3 2 123 5 
2 21 1 3 2 1 5 
2 4 1 4 19 1 5 
7 53 2 15 11 3 3 
10 27 16 119 10 5 7 
1 3 6 4 3 3 69 
1 1 2 83 2 3 6 
24 30 2 2 1 59 6 
7 2 5 53 11 3 1 
2 25 12 3 2 1 5 
2 20 1 3 140 3 5 
2 1 1 19 140 3 5 
9 2 4 62 4 5 38 
9 2 4 62 4 5 17 
7 2 5 3 3 2 6 
