9 103 21 26 90 25 23 
8 10 2 10 23 12 6 
24 22 2 10 89 893 1 
2 1 79 3 23 1 5 
32 39 30 78 104 43 17 
33 153 30 82 113 47 68 
2 52 29 48 571 99 23 
33 39 134 240 104 117 17 
2 4 1 2 295 1 5 
2 1 1 3 2 62 5 
33 39 30 78 104 117 17 
48 7 10 4 1195 7 1 
4 811 10 4 1 7 1 
594 4 2 2 6 3 17 
595 4 2 2 6 3 17 
33 38 30 161 104 85 17 
2 1 1 2 1194 1 5 
33 39 134 82 113 44 17 
33 39 30 82 189 169 41 
596 4 2 2 6 3 17 
160 84 5 10 11 68 5 
22 21 4 17 10 3 6 
33 39 30 174 118 117 17 
37 490 5 64 694 3 412 
22 10 4 28 363 3 6 
7 114 12 2 2 676 6 
9 30 2 2 11 3 3 
33 39 30 115 113 625 17 
103 195 103 140 1040 164 120 
166 1 1 10 22 3 1 
