1 4 2 2 6 3 17 
20 26 24 21 27 19 18 
9 17 2 10 22 3 6 
1 6 15 24 12 28 1 
2 15 4 6 17 12 19 
2 4 5 2 7 1 5 
2 1 12 3 2 25 5 
4 7 10 4 32 7 6 
2 1 27 3 33 1 5 
9 25 2 10 95 3 6 
22 15 4 64 17 1 35 
1 4 2 2 29 3 20 
21 2 9 5 30 23 21 
17 1 4 5 6 2 4 
2 1 1 3 20 1 5 
2 1 1 3 20 20 5 
4 7 10 4 31 1 1 
1 3 6 4 9 3 3 
2 4 1 2 7 7 5 
1 6 7 2 8 6 3 
2 4 2 2 6 3 17 
7 1 2 2 4 3 6 
10 27 43 7 6 18 7 
24 2 2 15 23 75 12 
57 71 53 62 1 67 6 
2 1 12 2 2 1 5 
6 4 12 3 2 1 5 
4 7 10 4 36 28 1 
4 7 10 55 42 51 1 
2 1 1 3 2 27 5 
