89 104 69 113 143 128 67 
33 39 30 82 104 47 36 
33 39 30 82 161 56 17 
88 86 86 82 162 126 75 
87 86 30 82 113 44 74 
33 39 30 79 112 47 17 
10 27 43 19 6 5 7 
2 1 5 3 2 54 8 
8 10 2 10 11 12 6 
4 3 6 4 3 3 3 
24 21 2 15 89 59 6 
4 7 21 4 4 7 1 
2 4 1 4 1 62 5 
22 15 4 4 11 3 35 
4 21 2 10 86 3 6 
7 53 40 10 11 3 3 
22 61 4 64 74 25 23 
47 55 5 10 23 120 8 
4 7 10 4 11 7 1 
22 15 29 64 74 25 23 
1 2 10 4 2 25 8 
2 1 2 3 2 1 5 
48 7 10 4 168 7 1 
2 1 21 3 2 1 78 
10 27 89 19 10 132 7 
91 2 42 4 169 9 8 
9 17 5 10 167 3 6 
92 1 12 3 2 1 5 
93 30 2 2 89 59 6 
9 2 4 62 4 133 6 
