33 38 30 79 1067 826 7 
33 543 644 82 104 43 17 
10 27 59 19 1067 5 7 
33 39 30 82 104 117 681 
33 39 30 174 1068 43 17 
547 39 30 78 104 43 17 
548 38 30 82 104 47 17 
549 39 30 82 104 43 17 
33 38 30 79 104 826 17 
53 38 30 81 1069 71 36 
33 38 30 82 1070 43 17 
24 2 2 2 1071 3 1 
64 255 105 18 25 160 16 
1 2 276 47 449 369 1 
33 39 65 82 104 35 325 
33 176 30 82 104 44 17 
33 39 133 82 113 43 17 
32 39 65 82 113 35 17 
33 176 30 82 163 47 139 
33 39 30 82 683 43 17 
33 284 30 79 104 47 17 
33 39 30 140 113 206 17 
9 10 2 2 11 5 6 
2 1 5 10 2 1 41 
7 17 5 2 11 232 1 
8 2 5 10 11 3 1 
9 2 2 10 22 3 6 
7 2 5 10 11 309 26 
7 4 27 68 2 3 6 
7 17 5 10 86 3 1 
