33 39 46 79 112 64 17 
32 39 30 82 113 47 139 
33 176 30 79 113 47 17 
33 176 46 82 113 47 17 
9 2 5 2 13 3 6 
9 114 5 2 2 3 147 
8 10 2 2 217 12 6 
7 17 2 15 23 386 12 
9 53 2 53 426 3 3 
37 61 4 734 127 627 6 
8 61 80 470 141 668 35 
37 2 292 734 11 25 6 
8 110 30 140 188 540 139 
37 348 292 15 351 699 23 
22 15 4 2 777 3 35 
437 367 291 10 470 24 35 
2 4 5 25 22 3 5 
8 10 2 2 188 12 6 
2 2 4 64 332 43 23 
9 2 4 62 5 6 6 
37 490 292 2 141 546 412 
8 455 291 668 127 24 129 
37 61 292 494 13 24 6 
37 490 292 2 141 25 412 
8 10 52 210 11 12 6 
9 25 2 746 22 3 6 
1 6 29 747 40 32 3 
7 2 2 83 2 3 6 
128 649 186 479 267 208 359 
7 17 5 2 10 3 1 
