2 1 12 3 2 573 5 
9 503 2 10 22 3 6 
32 38 30 82 104 43 424 
2 504 5 3 2 25 5 
8 7 5 2 10 59 6 
22 28 2 82 363 3 35 
33 39 30 82 189 43 425 
33 39 427 82 104 43 17 
365 71 5 62 2 1 1 
33 39 30 573 118 35 17 
148 90 126 226 723 574 426 
18 33 78 18 724 575 16 
33 39 30 79 104 117 36 
2 17 52 10 10 3 6 
2 1 1 3 141 1 5 
7 21 5 62 409 3 216 
32 39 30 81 118 43 36 
2 71 5 62 11 3 269 
2 21 5 62 67 3 216 
2 10 12 2 11 12 6 
4 7 10 526 42 7 1 
9 17 5 10 127 3 3 
8 7 5 2 11 59 6 
32 39 30 79 118 117 17 
24 28 2 28 10 1 125 
3 1 5 82 104 11 6 
3 1 5 17 104 11 6 
62 4 44 82 104 1 36 
32 39 30 82 113 43 36 
33 39 30 82 231 43 17 
