67 17 5 2 10 3 6 
6 330 5 2 2 1 5 
7 17 5 2 10 3 257 
2 21 5 2 59 3 5 
7 1 5 2 11 1 5 
8 17 5 2 13 3 6 
48 7 10 4 1 7 52 
8 17 2 2 23 12 6 
22 15 57 64 153 58 35 
2 8 29 250 74 25 58 
2 1 52 3 127 100 5 
180 31 68 286 101 377 3 
7 2 5 53 11 59 1 
8 53 5 53 11 99 3 
18 70 22 18 2 74 47 
1 1 2 2 225 1 17 
7 25 1 2 2 3 6 
55 172 21 49 10 83 51 
7 17 512 2 22 3 6 
33 39 242 82 104 47 17 
2 1 1 3 140 3 3 
1 1 2 83 140 3 6 
33 39 30 165 104 43 17 
9 112 5 62 11 67 6 
8 2 2 212 309 12 147 
1 1 1 3 140 3 5 
4 7 137 176 40 478 3 
7 2 5 2 2 1 6 
180 7 2 62 4 231 147 
2 220 5 10 167 256 5 
