2 500 29 48 220 99 287 
8 59 29 64 470 407 1 
8 52 225 28 129 25 23 
8 364 2 64 694 99 3 
7 592 59 19 10 5 7 
7 17 358 2 22 3 6 
4 52 4 4 42 25 1 
8 348 4 26 74 546 23 
32 39 30 79 113 47 139 
33 42 30 82 113 35 17 
8 17 2 153 11 12 6 
18 2 22 104 115 86 31 
1 2 3 62 5 9 3 
121 211 633 701 829 208 663 
2 25 5 2 7 3 5 
7 311 5 2 156 3 6 
7 17 5 2 13 3 531 
33 39 30 82 104 43 406 
33 39 30 82 104 455 17 
4 28 120 28 571 3 23 
2 115 57 26 74 29 35 
7 4 5 3 2 1 5 
7 2 358 2 127 3 1 
53 38 30 82 118 71 36 
33 39 30 82 118 332 17 
53 38 30 82 118 117 36 
9 53 2 82 118 3 3 
7 490 292 26 23 29 412 
8 455 291 668 127 24 147 
7 53 5 2 11 1 5 
