1 3 6 4 673 3 3 
1 1 2 3 2 3 6 
1 2 3 3 140 9 3 
1 258 2 83 2 3 6 
2 21 5 530 59 1 5 
2 4 402 2 7 1 5 
2 4 2 1 19 3 6 
2 472 1 2 22 3 5 
2 4 1 24 7 1 5 
2 4 95 68 11 59 5 
2 4 1 4 19 62 398 
2 469 5 2 59 1 5 
2 29 4 531 13 24 57 
2 59 4 48 131 24 398 
3 1 5 84 1 11 6 
3 1 2 84 11 11 6 
3 470 5 84 11 11 6 
4 7 8 4 1 7 1 
7 4 5 68 11 3 257 
7 2 6 10 86 37 1 
7 17 5 2 3 3 6 
7 17 5 2 22 3 6 
7 311 5 2 11 67 26 
7 71 5 321 445 67 6 
7 4 5 2 11 3 26 
7 473 5 2 11 1 5 
7 112 5 2 10 3 6 
7 112 1 2 11 67 6 
7 84 5 10 119 178 216 
7 2 6 10 129 37 1 
