47 2 4 2 6 5 1 
2 59 4 27 128 25 1 
215 262 30 79 104 43 42 
7 112 5 62 11 3 249 
2 28 4 329 74 25 35 
9 17 5 10 350 335 3 
7 84 5 25 2 1 5 
7 4 2 2 19 1 248 
2 52 96 48 127 99 23 
2 1 1 3 258 1 5 
22 28 4 243 23 29 35 
47 84 5 10 11 48 8 
1 84 42 4 153 9 8 
7 84 5 25 11 1 5 
4 7 40 4 42 1 1 
2 1 5 3 2 231 5 
43 194 2 213 19 3 148 
24 61 4 64 74 25 23 
2 56 1 3 2 1 5 
7 4 2 2 11 1 5 
9 17 5 2 11 12 6 
8 30 2 2 11 12 12 
66 39 30 82 188 47 17 
24 39 30 82 189 43 68 
33 39 30 79 189 44 74 
33 176 65 79 104 85 17 
33 124 30 82 189 47 74 
33 39 30 140 112 56 17 
33 124 30 82 189 44 74 
7 60 4 28 2 3 35 
