7 17 5 2 11 67 6 
8 468 2 2 11 12 6 
8 17 5 2 11 11 6 
8 2 2 212 167 253 147 
8 415 2 2 11 12 6 
8 10 2 2 11 536 6 
9 2 2 533 11 5 6 
9 17 5 2 10 3 1 
9 112 5 2 11 67 6 
9 2 2 10 671 3 1 
9 2 2 2 674 5 6 
9 474 5 535 10 3 1 
9 1 4 62 4 5 17 
10 25 16 19 10 5 7 
10 33 22 532 43 82 31 
24 30 95 2 89 59 6 
35 2 9 534 8 46 21 
91 2 42 4 67 9 8 
103 110 30 140 188 59 120 
350 7 10 4 1 7 1 
7 114 1 2 13 3 6 
7 4 1 2 2 1 5 
37 348 292 2 13 253 23 
2 4 12 3 127 1 5 
337 39 30 93 113 47 17 
33 284 30 79 112 47 17 
33 39 30 140 104 47 17 
33 38 402 78 104 43 17 
33 39 30 82 113 44 79 
33 39 30 82 104 438 17 
