33 176 30 82 815 43 17 
8 10 2 82 211 12 6 
33 176 30 79 113 7 17 
33 39 30 2 104 59 17 
33 39 30 544 104 35 17 
103 110 30 140 113 3 325 
8 52 291 750 74 29 23 
8 61 292 64 900 25 35 
55 2 21 49 125 83 51 
2 2 2 10 23 59 5 
7 114 5 2 11 29 6 
37 114 52 470 11 630 23 
406 114 5 2 2 3 147 
32 39 30 79 113 47 734 
33 796 30 82 113 43 17 
33 796 30 82 188 43 17 
8 61 80 64 129 895 40 
8 486 692 64 470 25 6 
103 110 30 140 1202 164 79 
600 15 57 64 113 34 35 
9 2 2 2 11 5 8 
7 15 57 919 550 34 35 
601 15 57 64 113 34 35 
599 15 57 64 113 34 35 
32 813 2 82 104 34 139 
33 39 1 82 113 34 6 
33 39 57 64 113 34 35 
33 53 57 82 596 164 87 
33 39 2 10 113 34 17 
3 1 5 10 11 11 329 
