129 39 65 82 113 47 17 
22 15 4 64 74 60 23 
2 1 12 3 239 1 5 
204 412 86 445 581 209 76 
33 38 30 82 582 43 17 
33 39 30 82 189 85 17 
33 38 30 79 583 43 41 
7 15 4 28 460 59 35 
2 15 4 3 154 25 26 
22 28 307 28 58 99 35 
2 4 1 2 10 1 5 
2 257 4 64 17 25 212 
4 7 10 4 584 7 1 
7 15 4 28 363 3 35 
215 153 30 82 104 35 17 
33 39 30 79 506 47 17 
33 39 30 79 112 64 17 
33 407 30 104 104 47 139 
66 39 30 79 104 35 325 
33 39 30 82 112 47 17 
33 39 30 82 113 47 139 
33 39 30 82 506 47 17 
32 39 65 82 113 47 17 
33 39 241 79 113 47 17 
33 39 30 442 104 206 17 
33 176 30 82 113 43 139 
304 39 30 82 104 47 139 
33 39 30 167 104 47 139 
32 39 30 82 104 47 139 
22 405 4 28 363 3 35 
