8 28 10 28 363 3 35 
635 337 568 742 284 704 577 
86 86 769 198 327 1006 76 
136 86 86 1015 1332 129 95 
636 412 88 445 972 209 828 
86 228 201 269 166 280 76 
2 4 4 48 126 25 23 
2 1 21 28 176 3 35 
18 33 85 98 122 17 16 
64 162 77 98 134 113 16 
18 89 77 98 122 17 16 
637 10 2 2 11 12 6 
53 38 782 82 104 43 17 
33 38 30 82 112 64 17 
24 17 27 10 23 3 12 
33 38 30 82 113 47 36 
10 39 356 82 104 43 17 
14 17 5 2 11 1 6 
33 39 30 79 476 43 17 
33 39 30 82 104 47 406 
33 499 30 79 104 43 17 
33 39 30 140 163 43 17 
64 22 68 97 134 94 16 
18 22 77 100 242 204 16 
76 22 77 100 134 103 60 
625 17 5 10 350 3 3 
24 2 2 2 11 3 6 
18 22 164 18 115 86 6 
33 39 103 140 104 206 17 
