33 39 131 240 104 225 36 
127 38 30 82 118 35 17 
7 112 5 15 119 67 5 
33 39 30 82 118 207 36 
33 39 134 82 113 47 36 
2 1 59 3 140 3 5 
33 39 150 82 104 43 68 
33 39 134 173 104 44 68 
1 2 3 3 5 3 3 
1 3 2 3 5 3 3 
53 39 30 82 113 44 17 
32 38 30 412 104 43 17 
33 39 30 78 113 35 17 
53 39 30 78 104 35 36 
32 38 30 78 104 173 36 
2 52 4 15 74 879 35 
33 38 30 81 104 173 68 
33 39 30 898 113 85 17 
33 39 30 82 1146 47 41 
103 110 30 140 104 169 79 
1 94 676 4 3 3 3 
1 2 2 3 5 9 3 
33 38 30 79 113 880 17 
1 1 2 2 225 9 17 
1 137 2 83 2 3 6 
32 38 30 78 1147 43 17 
53 39 30 78 104 35 17 
33 39 122 82 113 43 41 
33 39 134 115 104 43 17 
33 39 517 82 113 43 17 
