2 17 5 2 23 1 1 
123 154 340 204 249 208 345 
1 2 3 96 5 9 1 
1 2 3 4 5 9 4 
33 39 70 78 104 46 17 
8 2 2 2 11 5 6 
1 1 12 3 2 1 1 
1 2 107 62 120 76 1 
1 1 3 4 5 1 202 
17 2 8 5 8 46 21 
17 2 8 51 8 2 4 
18 22 22 104 43 109 31 
18 22 164 97 115 86 47 
18 22 22 97 115 86 47 
18 22 20 104 123 175 6 
18 22 20 104 123 94 6 
2 76 2 3 5 1 5 
35 2 8 5 8 2 21 
76 105 284 104 43 269 31 
7 17 27 10 151 3 6 
24 2 213 72 151 3 210 
103 110 30 140 22 164 79 
3 392 5 17 11 11 6 
24 30 2 2 89 466 6 
24 2 2 15 23 1 12 
7 71 2 62 569 67 6 
22 15 4 64 363 25 23 
166 411 1 10 151 3 1 
300 7 10 4 1 7 1 
7 84 5 2 11 1 6 
