2 15 4 48 13 25 23 
2 2 10 4 1 7 1 
2 7 10 4 1 3 1 
33 39 30 79 189 35 68 
1 2 42 4 3 3 3 
87 39 30 82 113 44 74 
33 39 30 82 189 43 42 
175 251 216 282 370 293 102 
191 251 216 282 359 293 214 
192 259 216 282 359 293 102 
33 39 30 81 113 7 17 
33 115 57 26 127 29 17 
33 39 30 82 113 56 12 
14 21 2 68 86 3 6 
33 39 30 82 209 47 17 
33 39 122 82 113 47 17 
103 110 30 140 373 47 120 
33 39 30 140 113 47 41 
33 110 30 140 113 47 17 
33 39 222 82 104 47 17 
33 39 30 140 113 43 17 
33 260 122 82 189 43 17 
103 110 103 140 104 164 120 
33 39 223 82 113 47 17 
103 110 30 140 188 47 79 
33 39 30 82 374 43 17 
103 110 30 140 188 164 120 
103 39 30 82 189 47 17 
33 39 65 82 376 47 17 
103 110 122 140 104 164 41 
