2 20 1 37 2 1 5 
4 20 1 37 2 1 5 
3 4 1 2 7 1 5 
17 1 12 49 2 1 4 
2 2 9 51 8 46 5 
2 48 34 4 42 3 1 
7 1 1 4 7 1 2 
4 20 21 37 2 1 5 
1 4 2 2 6 3 1 
1 6 29 2 40 32 3 
2 21 5 2 2 1 5 
2 21 5 2 59 1 5 
7 17 1 15 23 1 12 
2 10 10 2 42 49 6 
4 1 5 3 7 1 5 
7 1 1 56 11 1 26 
2 4 5 2 2 1 5 
2 7 40 4 42 7 1 
2 21 5 54 59 1 5 
4 7 41 4 42 7 1 
4 20 5 37 2 1 5 
1 21 5 37 2 1 5 
2 7 10 4 1 7 1 
8 2 5 53 17 3 1 
2 7 40 52 42 51 1 
3 4 1 4 19 1 5 
4 7 5 4 42 7 1 
2 22 21 3 2 7 5 
2 1 5 3 2 1 6 
2 21 22 4 1 7 5 
