2 4 1 2 11 1 5 
9 25 2 10 7 3 6 
9 2 4 62 86 5 6 
8 10 2 2 86 12 6 
7 4 1 2 22 1 5 
2 1 5 3 22 3 5 
14 21 2 10 7 3 6 
33 1 4 3 7 1 5 
2 4 156 2 7 1 5 
33 4 1 2 10 1 5 
7 71 5 62 4 67 6 
2 4 84 48 131 25 57 
33 39 30 19 188 47 17 
33 39 66 174 104 53 41 
317 39 30 79 113 85 17 
4 7 10 4 1 492 1 
9 17 2 2 11 12 356 
103 110 103 171 188 172 79 
33 38 30 82 189 85 17 
7 17 5 62 23 67 6 
227 425 253 338 597 490 250 
2 59 4 105 179 25 23 
1 1 5 48 394 88 233 
33 39 44 82 104 43 17 
18 70 164 97 115 86 47 
76 105 72 104 124 96 31 
2 1 57 26 127 25 35 
9 2 4 62 4 255 6 
24 2 2 53 23 3 1 
9 17 5 10 7 3 3 
