2 2 5 53 23 3 1 
2 2 42 4 90 25 8 
7 17 2 15 28 3 12 
6 4 95 2 2 1 5 
2 1 95 3 2 1 5 
4 7 40 4 1 7 1 
7 187 5 49 125 224 51 
4 7 4 4 1 7 1 
8 10 16 2 11 12 6 
33 39 12 139 113 43 17 
33 39 4 79 104 35 17 
2 4 6 2 7 219 5 
2 1 70 3 2 54 5 
1 3 34 4 3 3 3 
33 39 42 82 104 56 17 
2 1 57 3 2 1 5 
2 1 4 3 2 1 5 
2 21 4 37 60 1 5 
2 1 95 3 2 54 5 
2 4 16 4 19 3 6 
4 225 10 4 307 7 1 
2 2 5 37 60 1 5 
62 4 95 2 2 1 5 
33 39 10 82 104 44 37 
7 1 2 2 23 1 6 
9 10 5 10 22 3 6 
4 7 10 4 1 7 172 
18 70 22 98 205 271 171 
7 53 2 10 4 3 3 
64 226 77 255 134 270 60 
