24 2 2 15 11 3 1 
24 2 288 72 10 405 6 
9 17 2 10 11 59 3 
9 17 21 681 11 3 3 
67 1 2 2 11 1 6 
8 2 2 212 11 806 147 
7 17 2 15 23 805 12 
37 367 632 28 127 29 541 
24 2 2 2 10 3 662 
2 10 57 1 11 7 1 
4 338 10 62 11 1 1 
2 2 10 2 2 3 1 
24 17 6 812 11 3 1 
24 21 5 2 10 1 6 
24 724 2 3 23 3 12 
6 1 2 2 11 12 1 
7 10 2 2 11 12 6 
24 1 5 10 11 395 6 
24 17 2 2 2 1 1 
24 17 12 2 2 3 6 
2 1 12 3 89 1 1 
534 1 12 3 2 1 5 
24 2 2 2 23 1 1 
7 4 619 2 11 1 5 
533 10 2 2 11 12 6 
7 78 42 4 11 787 8 
7 17 52 10 440 3 6 
2 2 2 10 1031 59 5 
2 2 5 400 11 1 5 
2 4 5 2 11 1 5 
