166 2 27 10 151 3 1 
1 4 2 2 720 3 17 
7 2 45 10 19 569 1 
7 10 2 10 11 3 3 
4 7 10 264 1 7 1 
9 2 1 2 7 1 5 
2 1 2 2 6 3 17 
37 75 4 2 141 34 1 
33 39 30 571 104 566 36 
302 39 30 174 113 35 17 
53 153 30 82 679 43 17 
4 7 10 4 1 7 420 
2 2 12 9 11 1 5 
33 38 30 82 563 35 17 
33 38 30 82 113 64 17 
33 38 30 174 104 44 17 
53 38 30 82 104 225 36 
362 39 30 82 104 117 17 
33 499 30 82 104 117 68 
160 84 2 267 11 3 5 
18 70 77 97 205 82 47 
3 1 5 17 11 11 369 
114 39 30 140 104 43 17 
81 104 425 113 143 43 67 
33 39 44 173 104 35 68 
2 75 4 48 141 3 1 
19 39 423 343 267 176 288 
2 75 4 48 11 273 1 
122 246 133 4 1 310 1 
33 39 30 139 104 47 17 
