53 39 44 82 104 35 719 
33 38 30 82 1148 44 36 
33 38 30 78 104 214 17 
1 2 3 3 5 9 202 
33 38 128 82 113 43 36 
33 38 30 161 118 47 17 
32 38 30 174 118 35 17 
53 38 44 82 104 43 36 
2 24 1 3 2 1 6 
33 39 30 677 1149 206 17 
33 39 30 82 383 43 17 
431 2 4 62 4 5 17 
32 38 30 82 113 35 17 
8 683 5 53 11 3 1 
60 69 52 10 23 3 6 
7 2 2 2 2 3 6 
2 682 12 3 2 1 5 
33 39 134 78 118 117 17 
2 684 2 3 2 1 6 
33 322 30 173 763 35 68 
2 682 12 3 2 90 5 
1 1 2 83 2 1 6 
53 38 30 167 104 44 36 
85 798 22 18 812 86 149 
2 1 5 10 2 881 5 
8 2 5 53 4 3 1 
33 38 134 161 118 117 17 
8 2 5 53 1150 3 1 
64 22 20 189 134 94 16 
33 38 30 161 104 47 17 
