9 25 2 2 10 3 6 
2 1 1 10 2 3 5 
9 30 2 3 10 1 6 
24 17 12 10 2 3 1 
103 103 57 26 22 25 23 
24 17 12 2 89 3 1 
2 25 12 3 89 1 5 
8 2 5 53 89 3 1 
24 2 2 2 89 3 1 
8 2 5 3 89 3 1 
24 30 2 2 3 3 6 
7 30 2 2 22 3 6 
7 2 6 10 465 37 1 
2 114 5 2 2 3 6 
9 2 2 10 496 59 5 
8 53 2 212 294 253 147 
7 17 371 10 151 3 6 
8 23 163 494 89 1 6 
7 4 5 495 11 3 6 
2 1 52 3 23 100 5 
8 438 4 471 141 407 57 
8 367 291 17 127 24 35 
8 367 291 494 127 24 35 
7 17 2 15 22 3 6 
2 2 2 10 10 50 65 
60 30 2 2 89 59 369 
9 2 2 10 624 59 5 
22 455 4 64 129 25 23 
14 364 80 64 129 25 35 
33 39 30 82 104 525 17 
