8 1 5 3 4 1 1 
24 2 5 72 2 3 39 
33 39 30 192 189 670 17 
2 1 12 3 865 1 5 
7 1 2 83 74 3 6 
206 636 29 144 866 610 87 
4 7 10 715 1 7 1 
206 634 29 144 388 161 87 
47 2 9 51 8 46 1 
1 7 70 4 1 7 1 
32 39 66 82 113 43 17 
33 39 30 174 113 44 17 
1 107 2 2 6 3 17 
33 39 30 174 113 35 68 
33 39 30 82 118 43 68 
33 261 30 82 104 43 17 
33 39 134 82 104 44 17 
33 38 134 82 104 35 36 
1 3 6 3 10 3 3 
32 38 44 81 104 43 36 
33 310 30 82 113 47 17 
1 62 43 4 5 9 7 
33 39 30 82 118 47 17 
1 4 2 2 6 3 554 
33 39 134 82 113 394 17 
33 39 30 716 113 44 17 
33 39 354 717 867 43 17 
33 39 30 174 104 171 17 
33 39 30 240 104 671 17 
33 39 30 82 104 117 68 
