2 2 5 2 10 3 6 
3 1 5 17 23 11 6 
2 1 79 3 11 1 5 
4 7 10 4 307 7 1 
62 4 27 2 2 1 5 
180 194 2 213 19 231 148 
2 1 5 5 2 1 5 
2 1 79 3 141 1 5 
2 2 4 62 4 62 6 
2 4 1 4 19 5 5 
7 78 42 4 106 12 222 
2 1 2 3 5 1 5 
198 2 2 2 11 61 6 
6 4 5 2 2 1 223 
199 17 2 15 23 3 12 
200 6 61 176 40 180 224 
7 84 5 10 11 309 6 
6 1 5 2 11 11 225 
33 38 44 82 104 44 17 
121 68 126 183 232 208 138 
121 167 160 182 233 212 123 
123 167 158 204 245 212 123 
123 167 146 204 233 212 123 
121 167 126 183 232 208 94 
2 29 4 48 10 25 57 
2 2 1 3 2 1 6 
33 39 44 82 104 44 36 
33 38 30 82 152 43 17 
2 21 5 83 59 1 5 
8 2 5 53 86 3 1 
