37 28 120 28 127 34 23 
103 110 103 4 188 7 1 
103 110 103 62 188 67 6 
103 110 103 140 188 85 17 
7 28 5 62 1 67 6 
2 1 1 9 447 1 3 
4 115 57 26 149 29 35 
124 39 30 79 104 43 17 
2 115 298 26 127 29 35 
81 39 30 82 104 56 17 
2 17 1 2 7 3 5 
33 39 30 391 104 47 17 
24 2 2 2 10 3 6 
2 2 2 64 238 3 35 
33 39 30 139 113 47 17 
9 10 2 2 105 5 6 
2 1 42 3 148 1 35 
2 115 298 3 127 29 35 
103 39 30 82 189 44 17 
37 365 21 64 505 24 23 
33 38 30 82 118 85 17 
2 75 4 48 141 299 1 
33 66 122 192 189 44 17 
165 39 30 79 104 35 17 
81 39 30 79 104 47 17 
2 28 29 64 11 3 35 
33 39 30 79 504 85 41 
4 115 40 26 127 29 35 
7 71 5 37 10 3 6 
2 52 120 48 127 99 294 
