4 1 2 3 11 774 1 
7 2 2 2 23 3 1 
2 258 12 10 1 7 1 
24 17 288 72 22 405 6 
37 52 57 26 2 3 631 
523 709 605 789 984 744 633 
121 710 606 789 985 744 94 
121 397 605 791 986 208 580 
121 397 608 792 987 576 634 
523 91 550 220 707 673 173 
130 86 87 794 746 129 465 
130 712 609 612 989 280 636 
121 433 610 795 707 673 637 
121 692 606 796 990 208 638 
523 215 500 782 1001 776 324 
130 86 408 612 471 777 465 
121 713 204 797 992 208 639 
81 104 69 113 143 778 640 
130 535 458 271 989 129 641 
429 116 612 691 994 779 465 
523 714 608 798 556 776 324 
136 104 69 113 143 277 640 
429 715 520 612 994 129 465 
528 116 520 799 996 129 532 
121 711 614 800 997 776 643 
429 717 520 221 471 129 532 
529 718 520 691 628 129 76 
81 116 520 221 870 129 465 
429 116 458 612 998 129 532 
429 344 615 271 870 280 532 
