7 7 40 4 42 7 1 
8 1 5 4 2 1 5 
8 7 40 3 42 7 1 
8 7 10 4 1 7 1 
2 7 10 1 1 7 1 
24 7 10 62 42 7 1 
1 94 6 4 2 3 3 
1 1 3 4 5 9 3 
1 1 6 4 3 3 3 
2 1 52 3 2 100 5 
2 1 1 4 2 1 5 
2 2 4 48 103 34 1 
2 7 1 3 2 1 5 
4 7 10 4 1 101 1 
4 60 10 4 1 7 1 
4 17 10 4 1 7 1 
4 1 10 4 1 7 1 
7 2 5 72 22 102 6 
7 3 2 15 23 3 12 
7 1 6 62 11 67 6 
7 2 2 15 23 3 6 
7 17 2 15 132 3 12 
8 1 2 10 11 12 6 
8 75 2 2 11 12 6 
9 25 2 10 23 3 6 
9 4 4 62 4 5 6 
9 10 4 62 4 5 6 
27 95 22 107 133 86 16 
60 69 1 10 11 3 6 
62 4 5 2 2 1 59 
