24 2 5 72 75 5 39 
62 4 5 2 74 1 5 
2 1 21 2 2 1 5 
4 7 40 4 42 7 1 
8 2 5 53 23 3 1 
2 1 1 10 2 1 5 
43 7 10 61 2 7 1 
23 4 1 2 7 1 5 
8 4 2 2 11 12 6 
22 1 1 3 2 1 5 
46 1 5 3 2 1 1 
46 1 1 5 2 1 5 
4 1 5 3 2 1 5 
7 4 5 2 70 1 5 
2 1 5 69 2 1 1 
9 4 5 2 69 1 5 
9 1 21 3 2 1 5 
33 1 21 3 2 1 5 
62 2 5 68 11 55 1 
7 4 6 68 93 3 46 
22 1 12 3 59 1 5 
1 4 2 2 6 3 38 
7 17 5 2 10 3 6 
8 10 2 2 11 12 6 
2 4 1 2 7 1 14 
14 17 5 2 11 3 6 
3 39 32 79 79 43 17 
1 4 2 2 76 3 17 
8 10 2 2 11 12 43 
1 10 2 2 6 3 17 
