33 39 30 82 113 1 17 
22 247 4 28 363 29 35 
2 2 2 10 10 404 5 
24 2 288 72 22 405 6 
24 2 2 72 22 405 6 
260 2 5 2 10 3 6 
24 2 2 72 22 406 6 
60 345 2 2 23 3 6 
37 52 57 26 127 407 23 
10 346 290 19 10 132 7 
7 2 5 10 11 408 1 
24 347 2 15 23 12 12 
37 61 291 26 127 24 35 
37 348 292 26 485 29 23 
22 349 80 48 127 34 35 
1 350 5 332 261 293 3 
2 1 1 380 2 1 5 
2 351 12 88 2 1 5 
2 352 84 105 126 25 57 
8 52 57 26 74 29 287 
22 146 29 26 487 25 23 
237 306 254 340 433 410 288 
263 61 120 64 488 29 23 
24 114 2 378 11 3 3 
262 30 2 379 89 3 6 
261 2 289 10 10 409 1 
1 7 40 4 224 51 1 
7 17 2 2 6 3 5 
37 15 75 48 126 25 23 
27 2 22 104 122 86 31 
