33 39 30 81 118 43 36 
33 38 30 82 152 43 68 
33 39 30 82 113 47 68 
33 39 133 78 104 43 17 
118 39 30 79 104 47 17 
2 59 136 105 126 25 23 
12 6 137 176 40 32 3 
2 1 1 3 2 1 103 
2 1 137 3 2 1 5 
7 17 5 2 224 3 6 
7 17 5 2 10 3 3 
8 2 5 53 11 3 105 
7 30 2 2 89 59 6 
2 1 1 53 2 1 5 
4 7 10 4 121 10 1 
9 2 5 53 11 3 1 
4 7 139 4 1 7 1 
7 17 12 2 11 3 6 
7 17 5 10 11 61 1 
3 1 5 2 11 11 6 
2 84 5 10 119 178 26 
4 7 140 4 1 7 1 
27 33 22 49 43 9 31 
18 22 22 97 115 175 47 
27 33 22 49 43 7 31 
1 6 61 176 40 180 1 
122 163 135 175 219 176 101 
4 7 10 4 1 7 102 
97 121 97 125 174 152 100 
1 6 61 4 40 180 1 
