18 662 395 100 962 114 621 
18 662 601 100 899 114 623 
18 696 597 776 138 765 625 
18 699 22 18 133 86 149 
250 22 395 18 134 757 60 
2 61 29 131 11 759 1 
2 61 29 777 11 759 1 
2 61 95 777 11 759 1 
324 6 29 484 40 756 3 
37 61 29 777 74 759 1 
37 698 5 48 22 762 1 
37 75 4 48 967 3 6 
37 75 5 48 11 762 1 
37 75 600 48 141 34 1 
47 33 584 104 43 109 31 
47 33 596 104 43 109 31 
485 697 375 473 963 116 411 
512 70 22 18 134 74 150 
513 7 10 4 1 7 1 
514 2 8 5 8 2 4 
64 700 22 104 43 109 31 
9 75 5 48 637 762 1 
511 7 10 4 42 51 1 
2 1 1 3 140 754 5 
7 2 5 2 89 59 6 
9 17 5 2 86 3 1 
8 15 57 610 550 3 35 
8 2 2 212 23 253 147 
37 61 29 64 74 738 23 
8 17 5 28 10 59 23 
