31 29 4 48 13 24 57 
95 2 94 127 172 144 110 
104 7 41 57 42 7 124 
233 7 343 4 1 7 50 
233 7 343 4 1 7 380 
239 81 50 99 120 76 52 
239 81 50 99 120 507 337 
84 106 29 99 136 1 35 
2 10 250 4 19 3 6 
390 2 2 2 11 5 6 
7 17 5 385 70 3 6 
63 223 180 252 306 264 169 
63 223 181 605 306 581 459 
63 164 180 604 27 266 18 
79 55 5 10 4 1 6 
33 39 30 79 104 1 17 
8 10 95 2 11 12 6 
1 6 5 176 359 7 3 
8 113 5 121 11 25 6 
2 114 5 298 13 61 460 
53 39 30 81 118 43 36 
1 4 2 2 6 3 461 
33 38 30 82 118 85 68 
2 1 1 3 739 1 3 
33 38 44 82 118 35 36 
33 39 30 161 104 43 17 
2 1 2 3 2 1 456 
33 39 30 81 104 35 36 
32 38 30 82 152 44 17 
32 39 30 81 104 35 36 
