33 66 30 192 189 44 17 
125 170 2 185 240 200 6 
26 2 8 5 8 2 1 
10 22 31 108 120 76 52 
17 2 8 5 8 46 4 
1 2 42 4 98 2 34 
64 22 148 100 134 101 60 
24 21 2 194 89 59 6 
64 22 22 100 242 204 16 
76 33 22 104 43 109 31 
124 39 30 79 104 47 17 
26 2 9 51 121 46 21 
33 66 30 82 113 43 17 
33 153 30 79 104 43 36 
33 39 30 82 118 43 17 
33 39 30 82 118 85 17 
33 38 30 82 104 77 17 
33 39 150 82 118 43 17 
33 38 30 82 113 44 17 
33 39 30 82 118 117 17 
33 39 151 82 104 43 17 
33 38 30 82 104 47 134 
33 38 16 82 104 43 17 
33 66 30 82 118 43 17 
33 39 151 82 104 35 17 
33 38 30 82 104 43 36 
33 39 30 79 104 85 36 
127 39 30 82 104 43 36 
126 38 30 82 113 43 132 
33 38 30 82 118 117 17 
