33 916 30 82 118 35 17 
33 38 30 79 113 44 36 
53 39 30 238 152 44 17 
33 38 30 82 189 117 17 
32 38 30 1017 104 43 36 
18 33 76 108 146 107 61 
64 924 100 100 134 94 16 
7 17 5 94 10 3 6 
64 22 22 98 116 86 16 
1 2 3 4 5 1009 3 
2 1 1 3 22 1 5 
627 925 29 64 67 25 23 
9 17 5 10 350 1 3 
33 39 30 82 1070 56 17 
81 104 69 113 143 235 67 
7 52 4 38 1337 25 23 
53 39 30 81 118 71 36 
86 445 87 314 1325 126 230 
204 412 86 445 662 131 76 
130 440 558 503 1324 129 613 
86 417 88 518 323 129 241 
142 535 768 319 1328 372 826 
86 598 87 245 581 209 76 
364 799 627 1026 1304 1000 838 
86 528 174 198 327 129 95 
113 39 147 113 833 1008 160 
130 230 416 269 746 503 824 
86 86 88 271 166 515 95 
86 189 86 124 598 244 153 
81 39 69 113 845 43 67 
