33 39 103 79 3 40 3 
24 30 5 2 89 59 354 
7 11 5 64 11 67 6 
18 431 77 143 122 86 16 
27 2 22 104 633 86 16 
18 22 377 98 138 94 16 
27 33 22 104 43 109 31 
27 2 78 104 634 497 16 
27 2 78 501 43 86 31 
288 388 379 28 74 450 35 
288 1 2 83 2 3 6 
99 136 9 5 173 150 113 
323 439 384 483 611 512 371 
17 2 9 483 611 512 371 
33 38 381 82 104 43 17 
33 38 30 82 104 64 17 
33 39 30 79 104 214 17 
33 39 380 82 112 47 17 
336 39 30 82 113 43 139 
33 39 32 82 104 117 17 
33 39 30 82 112 43 17 
337 39 30 79 113 47 17 
33 441 30 82 104 47 17 
8 17 5 505 10 3 1 
340 39 30 79 113 43 17 
2 59 4 48 131 25 57 
2 52 41 48 127 99 23 
37 52 57 26 126 29 23 
64 4 68 100 134 301 16 
33 39 60 82 104 56 17 
