10 2 50 62 91 73 561 
2 2 5 2 11 3 6 
33 38 66 140 189 43 17 
33 39 30 82 118 43 132 
33 271 30 311 113 43 41 
2 667 4 28 90 67 1 
33 39 30 82 459 56 17 
7 30 2 62 11 12 6 
55 172 21 49 125 224 23 
7 75 4 681 141 3 1 
472 52 57 26 129 29 23 
473 39 30 82 113 56 17 
7 1 12 3 2 1 5 
2 75 4 48 23 34 1 
474 52 57 26 129 7 23 
2 1 5 3 399 1 5 
475 21 2 2 2 59 6 
33 66 30 82 189 44 17 
2 61 120 741 40 34 35 
2 61 4 64 58 7 23 
1 4 2 2 6 3 570 
37 28 120 28 571 29 23 
476 1 59 2 10 5 7 
33 39 30 58 104 43 17 
2 4 1 2 7 703 5 
2 1 5 3 905 1 5 
477 1 1 3 2 1 5 
22 28 4 399 903 99 35 
1 3 6 4 904 3 3 
9 2 2 10 10 59 147 
