2 1 2 3 2 1 3 
19 23 16 19 6 18 7 
10 27 16 19 6 5 7 
10 21 16 19 10 5 7 
1 4 2 2 300 3 17 
2 1 5 3 1 54 5 
2 1 10 3 2 54 5 
4 7 61 2 6 3 1 
19 7 23 20 26 16 15 
7 1 5 3 2 54 5 
7 1 5 62 4 61 44 
7 4 5 62 4 61 44 
19 23 42 246 300 259 57 
61 23 22 18 2 74 47 
7 23 2 15 22 3 12 
7 17 2 246 300 3 12 
1 23 3 4 5 9 3 
2 23 5 3 2 54 5 
2 4 5 3 2 54 5 
4 4 10 4 42 7 1 
4 23 10 4 42 7 1 
7 23 5 2 4 61 44 
7 23 5 62 4 61 44 
1 1 5 4 5 9 3 
1 4 2 2 5 3 6 
1 1 2 2 6 3 7 
10 23 16 19 5 18 7 
8 1 149 2 11 12 6 
8 10 149 19 11 12 6 
1 4 16 19 6 18 7 
