433 1 12 3 2 1 5 
434 350 5 332 261 632 3 
33 39 30 677 104 206 17 
2 28 4 28 141 34 35 
7 17 5 2 151 3 1 
24 2 213 72 11 3 210 
2 2 27 3 340 1 5 
91 82 5 90 2 633 1 
438 2 6 15 22 3 6 
4 22 40 4 42 51 1 
2 1 12 3 806 1 5 
2 75 4 678 141 34 1 
4 7 10 4 1 7 530 
33 222 29 250 303 25 41 
2 21 5 679 2 1 26 
24 21 2 2 2 59 531 
2 2 2 26 238 3 35 
7 28 4 28 17 12 12 
8 61 4 4 125 7 1 
2 222 30 250 303 25 35 
103 110 103 171 104 261 79 
33 39 30 250 189 25 41 
2 39 30 82 189 25 79 
103 110 103 172 167 169 79 
2 222 29 250 104 25 35 
33 38 29 82 104 44 35 
103 110 103 172 303 261 79 
103 110 103 250 188 169 79 
1 4 287 2 6 3 17 
37 606 57 26 127 29 23 
