33 38 30 79 113 35 17 
33 153 44 82 118 44 17 
33 38 30 82 118 44 36 
32 39 44 82 118 44 36 
32 39 44 82 118 332 36 
33 38 30 82 189 35 17 
33 39 44 82 104 43 36 
53 38 44 82 118 44 36 
53 153 30 82 118 44 36 
32 38 30 82 104 117 36 
32 38 30 82 104 438 17 
33 38 30 79 539 35 17 
32 39 44 82 104 439 36 
33 39 30 417 104 43 36 
282 38 30 82 104 44 17 
33 38 320 82 118 43 17 
33 382 30 82 118 35 17 
283 39 44 82 104 117 36 
33 38 30 82 540 35 17 
33 38 30 79 539 43 17 
33 38 321 82 104 332 17 
9 2 4 62 4 22 6 
9 282 4 62 4 5 6 
2 39 5 37 2 1 5 
10 54 43 4 10 5 130 
10 54 43 19 10 440 7 
31 1 5 3 2 1 5 
2 1 1 3 7 1 6 
2 4 5 2 2 1 3 
9 17 1 10 11 3 5 
