106 137 108 179 201 185 83 
27 33 22 49 43 95 31 
97 131 142 177 192 149 91 
2 59 96 48 131 24 57 
47 1 5 10 11 68 8 
107 138 108 125 193 158 82 
99 127 91 125 170 148 115 
27 33 22 49 43 135 31 
2 61 4 134 74 57 23 
9 2 114 147 11 188 86 
2 115 57 26 127 29 35 
105 130 118 145 207 186 108 
99 118 91 125 170 142 111 
100 142 93 135 190 145 81 
84 106 29 154 74 136 90 
84 139 29 150 199 162 117 
100 142 93 135 190 145 82 
37 59 4 48 228 25 23 
18 81 111 143 134 153 16 
15 22 77 98 122 94 16 
106 137 108 179 202 155 83 
84 106 29 28 74 161 87 
97 1 10 26 127 80 23 
84 141 29 144 195 183 90 
100 142 93 135 190 150 81 
95 2 94 127 181 144 110 
84 141 29 28 74 136 90 
97 132 109 178 192 159 107 
64 33 20 111 134 103 16 
97 144 108 177 192 149 91 
