33 176 30 82 104 85 17 
33 176 30 82 113 85 17 
33 39 230 79 104 64 17 
53 39 44 78 104 117 36 
204 230 191 308 387 316 230 
32 39 30 82 104 43 139 
103 39 122 79 104 43 17 
33 176 66 115 113 43 17 
8 2 1 53 90 3 1 
8 1 5 68 10 5 1 
166 2 1 10 11 3 1 
9 17 5 10 350 3 1 
7 2 52 10 22 37 1 
9 53 2 53 11 3 2 
7 4 1 68 11 3 6 
67 10 2 2 11 12 6 
166 2 5 10 151 3 1 
24 2 2 15 294 3 12 
2 1 12 3 2 1 1 
2 115 4 38 17 29 35 
22 28 21 243 17 25 35 
7 2 6 10 25 37 1 
22 28 80 243 11 25 35 
7 112 5 2 167 67 6 
2 1 29 250 303 25 35 
2 2 29 250 303 25 35 
2 17 5 2 11 67 6 
8 2 52 68 10 5 1 
14 21 2 10 151 3 6 
166 2 5 10 11 3 1 
