1 6 29 40 40 32 3 
1 6 29 289 40 32 3 
64 98 20 100 134 94 16 
10 27 16 19 10 7 7 
7 53 4 62 4 5 6 
8 10 2 2 11 12 5 
2 1 2 83 2 3 6 
33 2 3 4 5 9 3 
7 28 4 38 17 60 35 
33 39 10 4 1 7 1 
7 71 2 62 11 67 6 
1 4 2 4 6 3 5 
4 7 10 3 1 1 1 
2 15 4 3 154 25 6 
7 84 45 10 11 3 215 
33 39 103 79 104 35 17 
114 39 30 82 188 43 17 
33 39 30 79 188 43 17 
33 38 30 82 395 43 36 
33 176 30 79 113 43 17 
33 39 65 140 104 85 17 
10 186 2 62 257 223 6 
33 38 30 82 189 43 17 
33 153 30 78 113 44 68 
33 66 44 82 113 44 17 
33 39 30 82 104 283 41 
2 257 5 243 23 25 212 
33 176 30 82 113 44 17 
22 53 4 28 363 3 35 
2 257 80 243 23 25 212 
