24 2 2 2 10 3 12 
24 2 2 2 10 59 1 
33 39 65 82 596 47 17 
33 110 30 115 104 43 17 
33 39 30 82 113 47 353 
33 66 30 79 163 43 292 
87 39 30 79 243 43 17 
160 84 5 10 13 3 5 
315 112 5 2 13 1 26 
2 4 5 2 2 282 5 
308 1 12 3 2 1 5 
9 2 4 62 11 5 6 
33 39 30 79 112 35 17 
2 15 29 28 10 67 35 
33 38 30 464 104 35 17 
33 38 30 81 104 35 36 
62 4 5 2 6 1 5 
1 4 2 80 6 3 5 
2 1 342 3 2 1 5 
8 17 2 2 11 12 350 
7 17 355 2 11 3 6 
2 59 4 48 126 25 23 
8 7 352 4 125 7 1 
7 28 353 28 363 59 35 
33 38 354 82 113 64 17 
73 21 2 465 86 3 6 
33 38 30 466 104 43 17 
7 422 5 10 11 3 6 
22 28 4 295 372 99 35 
2 257 4 243 2 25 212 
