8 61 80 80 127 25 543 
2 348 292 26 485 25 1 
7 114 12 2 13 676 6 
444 2 2 2 10 3 1 
33 603 65 82 113 47 17 
131 38 150 79 805 534 17 
273 39 516 82 248 43 17 
22 61 4 64 74 3 23 
22 364 4 64 74 3 23 
33 39 66 82 104 47 41 
33 39 30 82 678 43 17 
8 604 5 53 11 3 1 
33 39 30 82 189 678 17 
33 39 30 115 104 47 17 
2 146 57 26 868 29 35 
103 110 103 350 188 368 79 
20 164 24 604 27 19 555 
63 164 24 188 878 19 557 
28 34 27 33 223 428 213 
131 39 30 79 805 534 17 
435 39 30 79 805 534 17 
63 164 24 722 780 19 18 
63 164 557 21 780 266 18 
273 39 30 82 248 35 17 
24 30 515 2 89 59 6 
461 34 559 723 879 682 33 
436 39 30 79 805 534 17 
131 39 150 79 188 534 17 
7 27 1 10 11 3 6 
273 39 30 82 188 35 17 
