247 748 30 82 113 47 17 
7 17 5 10 11 177 6 
103 110 30 833 113 164 79 
8 17 2 2 11 3 6 
103 110 30 833 11 1 79 
103 110 103 82 113 164 120 
103 110 103 140 764 164 79 
2 2 2 2 11 5 237 
22 490 292 26 23 34 412 
22 490 163 26 694 29 412 
7 114 12 372 2 3 6 
83 84 1 10 1049 3 46 
7 17 5 121 11 177 6 
478 215 172 239 283 818 573 
33 110 30 158 113 47 17 
4 112 5 62 11 67 6 
33 39 30 158 113 47 17 
1 2 42 4 11 9 675 
103 110 30 833 1048 164 120 
2 4 5 68 1050 3 5 
8 17 2 2 1051 12 6 
2 2 42 4 1052 25 8 
8 17 2 2 1053 3 6 
103 110 30 833 113 1 79 
103 110 30 833 1054 164 79 
103 110 30 833 1048 1 79 
33 39 30 78 113 56 17 
7 84 5 2 2 203 6 
123 167 639 204 233 819 123 
123 751 640 367 1059 820 677 
