1 4 2 2 4 3 17 
2 59 95 26 129 29 23 
2 1 1 3 26 1 5 
2 1 9 3 2 1 56 
76 235 72 18 175 285 6 
10 54 59 19 10 5 7 
10 54 16 19 10 5 7 
76 70 78 104 116 109 31 
76 7 10 4 1 7 1 
64 33 22 100 122 303 16 
163 215 210 218 324 241 198 
33 39 65 82 189 85 41 
19 24 23 20 26 16 213 
87 39 30 82 189 43 17 
32 38 30 82 104 35 36 
64 22 68 100 134 301 16 
7 17 16 15 23 3 12 
2 1 29 28 58 112 58 
33 39 30 82 189 56 17 
1 17 5 2 10 47 6 
4 7 10 4 42 47 1 
1 21 2 2 6 3 17 
7 4 2 2 6 3 17 
2 61 163 38 141 3 35 
33 39 123 82 104 35 17 
32 39 44 82 104 85 36 
165 39 30 82 118 35 17 
33 153 30 82 104 85 68 
33 38 44 82 104 43 17 
32 261 30 78 104 43 17 
