33 38 44 82 104 35 68 
33 39 30 78 104 47 17 
33 66 30 174 113 35 17 
33 157 30 82 113 117 17 
215 39 30 82 104 35 17 
33 38 30 79 104 35 132 
33 39 44 82 104 43 68 
33 66 30 82 104 117 17 
33 39 30 78 395 43 17 
33 38 30 79 113 43 17 
33 38 30 82 113 47 132 
33 39 30 82 113 43 36 
33 39 30 173 104 43 68 
33 38 30 82 118 47 17 
33 39 30 82 113 117 36 
2 28 220 373 74 430 35 
7 4 5 2 89 1 5 
63 223 141 252 306 19 169 
8 76 5 3 11 3 1 
64 22 20 100 134 101 60 
2 15 4 28 17 34 35 
103 195 103 140 459 164 79 
7 1 5 10 11 67 6 
2 1 10 4 67 67 1 
33 39 30 82 459 47 17 
7 4 5 2 10 3 6 
24 115 4 28 278 29 23 
2 126 4 64 141 3 40 
33 38 30 82 395 35 36 
114 39 30 82 113 43 17 
