9 2 4 62 22 5 6 
2 1 5 3 2 5 5 
9 1 1 3 42 7 5 
3 4 5 2 74 1 5 
2 2 2 2 2 3 17 
9 7 10 4 4 14 1 
9 24 42 20 62 52 33 
9 25 16 10 22 3 6 
7 4 5 2 11 1 5 
10 27 16 19 17 5 7 
2 2 4 38 10 12 35 
1 4 2 2 6 1 17 
2 59 4 38 17 12 35 
1 2 4 6 4 5 6 
10 27 43 19 10 5 7 
7 21 5 62 4 61 44 
33 39 30 79 39 43 17 
33 39 2 2 81 35 17 
47 55 5 10 102 87 8 
24 17 2 10 23 3 12 
7 1 2 83 2 3 6 
7 4 5 4 2 9 5 
24 17 2 15 23 3 12 
48 52 34 28 90 1 1 
53 38 30 81 65 71 36 
47 55 5 10 11 68 8 
1 2 42 4 3 40 3 
61 70 22 18 2 74 47 
7 71 5 62 11 67 6 
47 55 5 10 11 48 8 
