22 617 27 64 141 25 1 
7 53 2 15 23 3 26 
2 17 5 28 74 25 23 
7 53 2 11 11 3 3 
24 17 2 332 104 3 12 
2 4 1 15 19 62 5 
37 187 21 49 125 25 51 
84 86 88 245 288 129 238 
103 110 103 140 188 164 1 
7 39 30 82 188 12 74 
7 71 2 15 189 3 12 
18 22 22 3 194 17 16 
214 15 173 48 126 25 1 
1 2 2 212 11 253 147 
7 2 5 289 10 3 6 
7 618 303 688 823 645 6 
73 2 250 10 10 59 291 
166 2 1 10 151 5 1 
427 39 30 82 104 56 17 
87 39 30 82 104 47 17 
77 75 4 48 141 34 1 
33 39 103 82 104 43 17 
7 258 4 28 17 34 12 
2 28 120 28 127 3 23 
2 1 52 10 2 1 59 
1 6 216 332 261 7 3 
446 4 1 2 7 1 5 
2 4 1 4 3 62 5 
445 7 10 1 1 7 1 
32 39 30 3 2 43 17 
