7 4 1 68 11 58 6 
7 2 5 2 2 3 6 
55 21 2 71 11 37 3 
2 1 1 3 296 1 5 
8 1 6 3 2 1 12 
2 1 5 3 291 1 5 
33 66 161 192 189 47 17 
7 17 5 2 149 25 6 
33 38 30 82 113 117 17 
9 53 2 53 11 3 3 
9 2 2 2 11 3 6 
33 39 30 79 104 43 146 
7 53 27 10 11 3 3 
2 21 5 37 5 1 5 
9 53 5 10 2 3 3 
9 2 2 2 10 3 1 
2 1 1 20 2 1 5 
2 1 5 232 2 54 5 
2 21 5 2 60 1 5 
37 29 75 48 126 25 3 
1 3 6 4 42 3 3 
7 53 4 10 11 3 3 
7 21 2 62 67 48 6 
2 1 1 3 2 1 159 
2 4 1 25 11 3 5 
2 25 1 4 19 62 5 
8 21 2 212 153 253 147 
8 17 5 2 11 120 6 
7 1 2 2 23 255 6 
2 1 12 3 2 255 5 
