33 39 30 685 113 47 17 
3 1 30 79 163 11 17 
441 39 30 82 373 47 17 
441 39 30 82 113 641 17 
33 39 30 82 373 47 17 
78 47 522 684 814 208 536 
121 492 453 660 758 584 363 
157 39 30 79 668 35 17 
114 39 30 79 104 43 17 
24 2 2 2 88 3 3 
33 181 30 82 113 44 17 
32 38 30 82 104 44 17 
7 21 5 62 4 61 538 
33 110 103 140 188 164 79 
32 39 30 82 112 43 139 
33 176 30 82 450 43 17 
33 124 30 82 189 47 325 
33 38 30 81 104 43 36 
87 39 30 82 189 43 74 
24 2 2 2 816 3 1 
64 22 20 97 134 204 16 
8 17 2 2 10 59 6 
64 22 100 100 817 94 16 
169 220 5 10 167 256 6 
24 601 2 2 89 59 6 
7 1 2 83 2 3 1 
33 39 30 82 719 47 17 
33 39 30 686 104 47 17 
18 33 78 104 43 109 16 
1 2 3 4 818 9 540 
