18 70 78 104 205 94 6 
8 2 4 62 4 901 6 
33 39 30 82 1207 47 17 
9 2 2 212 153 59 147 
7 10 5 10 22 3 6 
7 2 2 2 11 3 6 
22 500 4 28 363 99 35 
9 25 2 10 22 3 632 
33 39 30 79 459 43 17 
32 153 30 82 104 207 17 
598 66 30 79 113 43 17 
14 21 2 918 86 3 6 
166 2 1 10 11 3 733 
2 114 12 2 2 894 6 
24 30 2 2 1197 59 6 
33 176 30 82 1203 43 17 
33 176 30 82 1200 43 17 
33 176 30 82 1198 43 17 
353 176 30 82 1199 43 17 
597 2 292 26 90 3 541 
7 2 5 2 1201 395 6 
7 2 691 2 10 3 6 
8 812 2 2 11 12 6 
33 37 30 82 104 47 17 
33 37 30 82 104 56 17 
9 17 690 10 350 3 3 
24 17 2 2 11 12 6 
4 7 10 4 1 7 819 
1 850 314 4 2 40 3 
24 2 2 2 2 55 1 
