33 39 30 82 104 332 36 
33 39 30 79 188 44 17 
33 39 30 82 113 44 325 
337 284 30 79 112 47 17 
32 39 30 79 104 35 17 
33 176 30 82 308 43 17 
33 291 30 82 113 43 17 
423 39 44 82 113 35 36 
7 2 5 15 798 3 6 
62 4 5 881 2 1 5 
1 4 2 246 300 16 17 
1 353 3 4 5 9 3 
1 172 34 4 3 9 6 
9 17 5 10 350 164 3 
37 61 292 545 127 24 35 
4 7 10 4 1 866 1 
33 39 30 82 188 35 17 
7 2 5 2 59 3 6 
238 141 29 28 1072 136 90 
64 22 203 98 134 103 60 
64 2 203 840 134 593 16 
24 2 2 2 929 3 1 
33 39 30 79 104 571 41 
2 17 2 49 127 1 5 
9 216 5 10 11 3 1 
8 364 80 28 470 29 6 
8 364 80 470 692 29 23 
147 215 341 215 579 477 346 
33 39 30 79 210 47 42 
103 110 103 82 188 164 120 
