7 4 1 68 11 68 6 
402 3 6 4 3 3 3 
33 543 30 82 104 43 17 
7 17 2 3 23 3 12 
8 10 4 618 67 564 6 
33 38 30 82 104 35 325 
2 1 5 10 82 1 5 
7 2 2 15 22 3 12 
316 17 2 15 23 1 12 
9 10 2 2 11 12 6 
22 84 5 10 11 1 5 
33 39 65 79 104 43 41 
163 215 210 218 669 241 198 
2 1 468 3 2 1 5 
142 71 5 62 22 67 26 
165 17 2 2 11 12 6 
9 17 2 2 13 12 6 
9 53 5 10 2 3 315 
166 364 1 10 11 3 1 
2 2 2 10 11 59 5 
7 71 5 62 74 67 26 
24 2 2 2 456 3 1 
7 2 5 37 10 3 6 
33 39 30 82 104 59 17 
130 328 239 198 325 372 156 
1 7 5 4 261 7 1 
33 10 2 2 11 12 6 
1 7 5 91 261 7 1 
1 7 10 91 261 7 1 
64 89 77 100 94 160 16 
