33 38 65 82 104 171 141 
8 2 5 53 11 762 1 
1 82 61 147 40 180 3 
2 1 2 15 2 3 5 
94 117 90 125 1094 147 100 
64 33 20 181 94 17 16 
150 4 1 2 7 3 5 
64 22 148 100 94 187 16 
103 39 30 79 104 64 41 
18 81 68 143 134 153 16 
7 2 209 2 156 3 6 
258 174 154 193 336 421 131 
64 22 20 100 134 301 16 
2 4 1 2 156 1 5 
64 89 319 100 134 103 16 
2 2 1 2 2 1 7 
33 39 30 79 113 164 41 
7 2 12 2 156 3 6 
7 172 21 49 125 7 1 
33 169 30 82 104 35 36 
33 38 650 192 337 43 17 
81 176 30 82 450 43 17 
33 39 240 82 113 43 17 
33 39 65 82 113 47 74 
103 110 30 140 188 215 79 
33 39 30 140 104 43 17 
265 195 103 140 459 1 79 
114 110 30 140 188 164 307 
33 103 39 30 79 104 17 
7 2 5 2 1 3 6 
