1 3 6 4 415 3 3 
4 7 40 4 42 334 1 
2 7 5 37 2 1 5 
19 24 42 20 300 259 57 
19 24 23 20 26 259 15 
9 25 2 10 22 259 6 
2 1 5 3 2 9 5 
1 4 2 3 6 9 17 
10 23 16 19 6 9 7 
2 1 21 3 2 16 5 
1 2 3 4 5 18 3 
2 21 5 37 2 9 5 
2 21 5 37 2 3 5 
2 21 16 37 2 1 5 
10 27 43 19 6 1 7 
8 10 149 2 11 18 6 
2 1 1 3 2 3 3 
1 2 3 4 5 1 3 
1 2 16 4 5 9 3 
1 4 2 2 6 9 17 
2 4 1 2 7 9 5 
4 7 10 1 1 7 6 
1 4 2 246 300 3 17 
19 1 1 3 2 1 3 
1 4 16 2 10 3 1 
10 23 1 19 6 18 1 
2 2 42 4 3 40 3 
1 23 16 19 6 18 7 
10 4 1 2 7 1 5 
10 1 1 3 2 1 3 
