2 61 4 64 321 7 23 
2 1 12 3 1 1 5 
7 17 2 2 86 3 1 
37 106 4 131 127 29 23 
18 235 72 100 116 103 6 
2 59 4 27 128 25 23 
33 39 65 79 104 35 17 
4 7 41 4 42 7 177 
27 2 22 104 319 86 16 
161 33 22 104 134 109 16 
76 22 165 98 146 269 16 
55 172 21 49 125 83 51 
7 2 5 10 22 37 1 
4 7 143 4 1 7 1 
159 236 30 78 104 43 17 
1 3 6 4 3 276 3 
2 198 2 3 19 68 6 
33 39 30 79 113 47 178 
2 234 2 3 2 1 5 
37 29 75 48 126 5 23 
4 233 10 4 1 7 1 
7 71 5 62 11 67 1 
4 7 10 266 1 7 1 
160 84 27 267 11 3 5 
155 205 169 222 317 237 184 
136 86 188 124 266 238 95 
139 190 69 113 270 277 152 
81 104 69 113 268 43 161 
128 39 167 113 267 208 67 
156 68 170 223 268 248 161 
