33 38 30 174 113 47 68 
53 38 30 82 104 43 17 
33 38 30 82 104 47 17 
33 153 30 82 113 43 36 
195 39 30 82 104 44 68 
196 39 30 82 113 43 68 
53 38 30 82 104 44 36 
33 261 30 82 104 35 36 
81 38 30 82 104 225 68 
33 38 30 82 104 171 68 
33 39 30 78 113 47 17 
33 38 30 82 104 43 220 
64 19 20 100 144 54 16 
2 59 1 3 2 1 5 
33 108 30 82 113 47 17 
1 39 30 82 104 3 3 
53 38 30 81 118 225 17 
43 10 5 3 2 3 5 
76 105 20 100 377 306 16 
64 22 68 97 134 101 16 
29 7 10 4 1 7 1 
1 2 42 4 157 40 3 
64 22 85 98 134 54 16 
2 1 2 3 2 54 5 
1 4 2 2 6 1 1 
1 4 2 19 6 3 5 
10 107 43 19 6 1 7 
53 39 30 81 118 225 36 
7 114 5 298 23 3 218 
10 23 16 19 6 18 164 
