86 155 69 113 276 257 67 
130 155 69 113 276 257 67 
130 155 69 113 276 257 17 
130 275 87 315 402 126 95 
217 277 235 219 403 328 173 
33 39 88 113 265 43 67 
33 188 69 113 270 43 152 
81 39 147 113 404 43 160 
210 278 236 318 406 329 157 
121 279 238 215 400 330 239 
81 86 87 113 270 238 152 
86 86 87 124 401 209 240 
86 281 87 269 327 236 95 
86 86 88 245 288 129 238 
86 189 86 259 287 209 76 
86 189 86 259 287 235 76 
86 177 201 276 411 279 95 
130 230 239 319 405 209 241 
130 230 86 124 165 209 242 
135 188 69 113 276 128 152 
2 280 73 147 220 190 104 
15 22 78 18 205 86 188 
130 275 87 315 402 238 95 
7 2 5 2 11 331 1 
8 289 5 10 11 12 6 
10 186 2 62 412 223 6 
218 17 5 2 10 3 6 
55 21 2 327 11 37 3 
2 15 4 28 17 3 35 
2 114 5 298 13 61 70 
