10 23 2 19 6 18 17 
19 4 2 2 6 3 17 
27 99 22 104 43 86 31 
29 1 10 4 1 7 1 
43 34 5 3 2 1 5 
79 282 3 4 5 1 3 
18 22 77 98 138 320 16 
64 70 22 98 123 86 16 
10 27 33 19 10 5 7 
4 7 10 4 3 7 1 
33 153 44 82 104 44 17 
33 283 44 82 189 44 17 
9 284 30 79 113 47 17 
33 285 30 322 104 85 17 
33 42 241 82 104 35 211 
33 38 30 323 104 35 36 
24 17 2 322 104 3 12 
10 1 16 322 10 5 7 
1 2 215 322 90 25 17 
33 39 30 322 104 85 17 
32 39 30 82 104 323 36 
32 39 30 82 104 324 17 
33 38 30 82 104 325 36 
33 38 242 79 104 35 17 
213 1 57 26 127 29 17 
33 39 30 140 104 206 17 
33 66 30 324 104 43 17 
211 39 240 82 104 206 17 
33 39 240 79 104 206 17 
103 39 103 140 104 164 79 
