33 39 30 140 189 43 41 
33 39 103 82 104 324 41 
241 39 262 82 113 56 17 
8 10 2 2 23 3 12 
2 1 1 3 5 9 3 
7 2 52 2 10 48 6 
2 1 1 15 2 1 5 
73 266 2 10 86 3 6 
7 17 5 2 10 67 6 
1 2 3 53 5 9 3 
9 33 2 2 89 59 6 
24 33 2 2 89 59 6 
4 7 10 53 1 3 1 
4 7 40 4 10 51 1 
2 84 5 64 119 178 26 
22 1 4 4 58 25 58 
4 7 10 4 381 7 1 
7 2 5 2 156 3 12 
1 6 137 176 40 32 3 
18 22 20 104 205 94 6 
2 33 4 48 13 25 23 
1 3 6 3 3 3 3 
2 4 2 2 7 51 5 
10 4 2 3 6 3 17 
7 17 5 2 149 34 6 
7 2 2 10 10 37 1 
7 17 2 2 11 3 1 
7 320 2 2 10 3 6 
33 39 66 82 5 9 3 
1 6 29 2 449 32 3 
