62 4 5 2 297 1 5 
124 39 30 79 104 44 17 
1 4 2 2 365 3 17 
173 4 1 72 10 290 6 
8 10 2 2 23 12 6 
62 4 5 3 2 1 5 
6 4 5 2 89 282 5 
2 4 1 2 6 1 5 
2 256 4 38 384 282 228 
32 66 66 82 364 43 17 
7 21 5 62 369 3 6 
1 4 10 2 7 1 5 
8 17 5 2 10 12 6 
9 2 4 62 4 281 6 
2 28 4 38 17 60 35 
64 22 203 181 134 187 16 
7 4 6 68 93 3 190 
163 215 210 218 4 241 198 
33 39 30 82 1 56 17 
2 1 12 3 4 1 5 
8 2 4 62 4 5 12 
7 4 2 68 11 3 46 
7 2 52 10 89 3 6 
18 268 229 18 11 86 16 
7 257 80 243 385 48 212 
53 237 30 273 104 44 36 
33 39 30 272 189 56 38 
15 89 78 18 205 86 188 
162 215 200 270 326 313 187 
130 86 87 269 327 279 95 
