48 7 10 4 1 7 23 
80 22 270 100 2 103 16 
10 7 10 4 10 7 1 
2 29 4 27 10 112 57 
10 81 50 99 20 76 52 
37 1 10 26 127 80 23 
64 22 203 255 134 103 60 
80 33 22 18 116 10 47 
4 4 1 2 7 51 5 
7 17 5 2 5 3 6 
2 17 1 2 1 48 6 
182 112 5 62 11 3 249 
10 119 50 126 50 51 112 
2 4 67 4 19 3 6 
2 17 5 10 7 178 26 
47 17 5 10 11 48 8 
2 59 27 365 487 3 33 
29 7 10 4 1 3 1 
311 96 22 100 134 103 16 
312 70 22 18 2 74 47 
76 22 347 98 116 86 16 
294 230 87 271 420 196 327 
53 66 30 454 104 117 17 
86 417 186 455 267 208 268 
136 188 69 456 270 85 152 
33 39 30 79 113 85 17 
142 86 88 276 594 208 156 
86 86 86 319 165 483 156 
130 86 86 315 595 484 95 
33 39 30 82 247 77 17 
