1 33 22 49 116 10 47 
104 7 10 5 1 7 1 
2 15 4 48 176 25 64 
97 131 108 177 192 149 91 
37 1 29 28 176 57 35 
99 127 91 125 170 148 109 
2 29 4 132 13 24 57 
27 33 22 49 43 20 31 
2 61 4 133 74 80 23 
84 106 29 149 74 161 90 
110 120 101 145 196 141 84 
105 134 113 152 197 189 118 
61 70 78 18 2 175 47 
37 33 95 49 43 9 31 
27 33 22 49 43 82 31 
2 1 29 28 176 57 35 
96 135 99 136 183 140 113 
37 52 57 132 127 29 23 
38 33 31 49 1 9 31 
37 147 4 131 127 29 23 
64 19 20 77 134 163 16 
64 162 20 100 194 101 60 
4 33 22 49 43 82 31 
97 117 117 141 204 159 107 
4 28 4 28 127 3 23 
95 2 94 127 172 144 114 
84 106 29 28 74 136 90 
84 106 29 28 195 183 87 
27 7 31 18 178 86 16 
101 122 99 125 182 151 88 
