7 2 8 5 8 2 4 
1 2 3 209 5 9 3 
197 1 12 3 2 1 5 
197 1 1 3 2 1 5 
2 4 255 4 19 3 6 
64 22 212 98 120 301 16 
267 1 12 3 2 1 5 
4 7 10 4 1 76 1 
64 22 164 100 123 101 60 
2 1 50 3 2 1 5 
10 81 12 99 50 76 52 
64 33 78 111 138 17 16 
10 81 59 99 120 76 52 
64 22 68 255 68 103 16 
4 7 10 4 10 308 1 
197 4 1 2 7 1 5 
197 4 1 4 19 62 5 
213 4 1 2 7 51 5 
213 4 1 2 7 4 5 
84 106 29 28 136 1 90 
4 7 41 4 41 7 1 
2 1 12 3 12 1 5 
166 2 5 2 5 3 12 
7 64 5 2 5 3 6 
10 81 50 99 50 76 52 
2 1 5 3 5 1 5 
7 84 5 25 5 1 5 
4 7 10 4 10 380 1 
1 2 42 4 42 58 34 
4 7 41 4 41 380 1 
