2 2 5 2 340 1 57 
7 4 1 68 11 58 1 
7 1 12 3 2 1 3 
181 53 5 10 11 3 6 
1 1 2 3 140 3 3 
7 17 2 15 1092 3 12 
421 4 2 2 6 3 17 
360 215 126 270 498 357 187 
2 1 4 400 11 5 5 
103 110 30 82 188 164 79 
2 1 2 3 2 5 5 
7 2 5 212 156 3 6 
7 17 2 2 11 3 6 
1 2 2 20 2 3 6 
292 39 66 82 113 85 17 
33 39 30 79 104 43 139 
22 61 292 470 129 99 6 
7 2 5 2 13 386 6 
24 1 2 2 11 3 1 
66 39 30 79 104 841 325 
8 55 5 53 11 3 1 
2 1 1 3 225 3 5 
7 2 5 2 156 5 6 
9 2 5 2 10 3 6 
470 10 2 4 19 3 6 
24 2 27 72 22 3 210 
7 84 16 10 11 3 5 
9 17 2 2 11 840 6 
2 2 2 10 295 404 5 
33 38 224 82 104 44 17 
