79 55 1 10 2 68 6 
4 2 10 4 1 7 1 
2 17 1 3 7 1 5 
4 7 61 100 42 7 16 
2 29 4 48 131 24 23 
37 29 75 48 126 99 23 
80 96 22 100 134 103 16 
2 61 4 64 22 25 6 
10 82 62 106 3 32 50 
18 33 72 100 116 104 6 
7 97 5 2 135 68 26 
4 7 40 4 1 51 1 
64 33 68 98 1 17 16 
10 81 50 87 120 76 52 
2 21 5 77 2 1 5 
9 25 2 10 22 3 16 
2 1 1 3 2 1 17 
2 4 4 2 6 1 5 
18 89 77 109 122 86 16 
27 2 22 104 43 86 62 
64 70 68 97 122 106 16 
18 100 22 104 113 105 6 
18 85 22 104 113 105 6 
2 102 2 2 6 1 5 
76 33 77 104 2 109 31 
2 1 1 3 140 3 5 
18 22 77 98 2 86 16 
18 22 22 18 138 86 16 
18 22 77 98 6 86 16 
18 22 22 110 137 17 60 
