9 2 2 62 4 5 6 
1 2 49 4 11 66 8 
2 17 5 2 11 3 6 
9 21 2 2 83 3 1 
1 2 14 4 5 9 3 
4 2 4 62 4 5 6 
2 2 4 62 4 5 6 
9 1 10 3 2 1 5 
9 1 1 3 2 1 3 
9 59 4 38 17 12 35 
14 59 4 38 17 12 35 
7 2 4 62 4 5 6 
2 21 1 3 7 1 5 
7 61 4 38 77 60 40 
2 4 2 2 23 1 5 
2 2 1 3 2 1 5 
2 4 1 2 87 1 5 
26 2 8 51 40 69 5 
14 21 2 10 11 3 6 
7 2 6 10 78 37 1 
2 1 1 3 11 1 5 
2 4 1 4 19 63 5 
4 7 12 4 42 51 1 
7 60 6 62 11 67 6 
9 2 4 62 80 5 6 
2 21 5 70 23 1 5 
2 58 12 3 2 1 5 
43 1 1 3 2 1 5 
1 4 2 61 3 3 6 
24 2 2 15 66 3 12 
