1 1 2 2 225 3 6 
7 17 2 2 22 3 6 
63 34 27 33 45 1 7 
2 4 1 2 681 1 5 
352 39 30 82 113 43 17 
37 476 292 28 682 25 147 
33 477 65 192 189 44 17 
22 478 4 538 74 3 403 
7 2 5 2 10 3 404 
353 39 150 82 248 35 17 
9 479 5 2 10 3 6 
9 17 5 10 11 3 405 
7 75 4 48 141 34 1 
9 2 4 48 4 5 6 
7 17 5 2 409 3 26 
237 480 254 340 433 542 290 
64 33 22 4 122 256 16 
2 1 12 15 677 1 5 
7 2 2 2 2 3 1 
64 22 203 516 134 103 1 
1 2 42 4 2 24 8 
7 17 5 10 10 3 6 
258 174 207 193 241 76 131 
7 2 2 6 2 3 1 
33 39 65 79 113 43 17 
7 17 12 2 2 3 6 
7 61 21 28 11 3 12 
7 61 21 28 11 3 35 
7 1 5 2 2 3 6 
47 1 5 3 2 1 5 
