33 38 30 82 1038 43 17 
33 39 30 79 1038 206 17 
33 39 30 827 104 47 17 
2 59 4 49 131 24 57 
27 33 22 49 131 20 31 
1 671 29 2 40 808 3 
114 195 103 140 188 43 79 
114 195 103 115 459 164 669 
114 195 103 140 459 164 17 
114 110 30 140 104 625 79 
114 110 103 140 1041 164 342 
265 195 103 140 113 164 79 
541 195 30 140 1041 164 79 
2 195 103 140 459 164 79 
103 195 103 79 113 164 120 
32 39 30 82 104 207 36 
33 39 30 79 104 35 670 
210 701 636 830 614 241 598 
542 4 5 2 2 1 5 
2 4 5 10 2 1 5 
114 195 103 140 1040 164 120 
33 39 65 140 189 43 17 
2 4 1 4 19 62 673 
7 309 5 2 11 3 6 
7 17 5 831 10 3 6 
2 10 4 28 1042 12 35 
24 22 79 15 23 3 12 
33 39 30 82 104 56 36 
33 38 30 78 104 35 671 
103 110 103 350 210 809 79 
