33 39 30 82 104 47 79 
53 39 44 82 118 35 36 
33 39 30 82 113 56 17 
33 110 65 82 113 47 17 
33 39 65 82 216 47 17 
33 39 65 82 188 47 17 
33 38 30 82 104 85 17 
33 39 123 82 118 35 36 
33 39 129 82 118 56 17 
33 39 122 82 209 47 17 
33 39 66 174 104 43 41 
33 110 30 82 113 43 41 
33 157 30 165 113 47 17 
103 39 30 140 104 47 79 
33 38 44 82 104 35 36 
33 38 30 173 104 35 36 
33 39 44 82 118 43 68 
103 110 103 140 104 169 79 
117 39 131 82 113 56 17 
33 39 65 82 113 164 17 
33 39 30 82 189 47 17 
103 110 103 172 188 169 79 
33 39 30 140 104 47 79 
103 110 30 171 188 169 79 
33 38 30 173 104 43 68 
33 38 132 82 104 85 68 
33 39 30 82 118 35 68 
33 39 30 82 189 47 97 
103 110 103 172 217 169 79 
53 38 30 82 118 35 36 
