18 22 22 18 25 269 16 
2 1 1 3 2 1 158 
33 176 30 115 308 43 17 
33 39 30 79 163 43 17 
124 39 30 79 104 35 17 
7 17 5 2 86 232 1 
33 39 30 79 311 43 17 
2 21 5 37 310 1 5 
14 4 1 4 19 1 5 
64 89 20 100 134 94 16 
9 2 2 10 11 59 5 
4 7 40 256 42 7 1 
8 2 2 212 309 253 147 
7 227 5 72 10 3 1 
9 21 2 10 86 3 6 
2 4 5 25 11 1 5 
2 191 163 64 141 24 1 
6 4 5 214 262 1 5 
7 112 5 2 13 1 26 
64 7 20 100 134 101 60 
9 192 5 10 11 3 6 
2 71 5 62 2 3 6 
2 201 4 38 149 25 35 
7 30 2 2 89 59 5 
18 89 71 98 122 94 16 
2 4 1 237 7 1 5 
33 38 30 238 104 43 36 
8 10 2 2 292 12 6 
7 200 5 2 10 3 6 
9 25 2 10 22 3 8 
