7 17 351 15 23 3 12 
33 39 30 82 152 47 17 
18 22 22 18 410 103 16 
64 22 77 100 134 17 16 
33 39 30 79 113 47 68 
33 39 66 174 104 58 41 
33 39 66 174 104 436 41 
33 110 134 82 210 35 17 
85 100 22 18 133 86 149 
181 53 2 53 312 3 3 
1 1 12 3 2 1 6 
1 1 1 3 6 1 3 
2 1 12 3 2 16 5 
2 4 1 372 7 1 5 
2 17 3 4 2 1 5 
7 4 1 68 86 58 6 
8 1 5 3 2 3 5 
8 17 5 2 7 3 1 
9 4 1 93 11 3 6 
1 25 2 2 6 3 5 
2 1 2 4 19 3 6 
2 1 12 82 104 1 5 
60 69 52 79 90 3 6 
9 17 5 79 350 3 3 
303 39 30 79 113 47 17 
303 39 30 79 576 47 17 
7 2 350 72 22 102 6 
7 2 5 53 22 3 6 
9 17 1 72 151 102 6 
7 2 5 461 22 102 6 
