7 71 1 10 11 67 6 
9 112 5 62 13 3 26 
8 17 5 133 11 59 6 
18 33 22 326 1 86 16 
64 288 71 189 134 94 60 
216 22 22 98 116 101 16 
33 39 30 79 104 327 17 
2 4 10 2 6 1 5 
4 7 10 307 1 7 1 
9 2 27 10 2 1 6 
8 1 6 3 2 1 6 
55 172 21 4 125 83 6 
24 21 2 2 2 59 35 
7 17 52 10 89 164 6 
7 2 5 2 10 3 1 
202 17 2 3 2 1 5 
3 1 5 17 11 11 5 
22 53 4 28 2 3 35 
2 4 2 2 19 1 6 
2 17 52 10 89 3 6 
24 28 80 28 10 3 125 
33 39 30 82 163 43 17 
2 17 1 3 2 1 5 
2 1 12 3 7 1 5 
2 4 5 82 104 1 5 
33 153 44 82 189 44 17 
33 66 30 82 104 173 17 
33 39 30 82 118 47 36 
33 39 44 82 113 43 17 
55 39 44 82 118 35 36 
