33 66 30 79 118 35 17 
53 38 30 82 118 43 36 
53 38 30 81 104 43 36 
33 38 30 85 104 44 17 
53 38 30 82 118 43 17 
33 38 30 82 118 44 17 
19 1 2 20 2 3 6 
33 39 150 82 104 35 17 
58 38 30 82 104 35 36 
2 1 59 19 10 5 7 
2 3 1 3 140 3 5 
1 2 2 83 2 3 6 
2 2 2 3 1 1 5 
9 2 4 3 4 5 17 
33 38 44 82 118 35 17 
81 38 30 81 118 43 36 
33 38 30 82 113 85 36 
33 38 30 82 118 85 36 
33 38 30 79 104 44 17 
7 2 5 2 13 304 26 
33 112 5 79 153 304 26 
103 153 30 140 13 304 26 
9 15 4 64 141 25 23 
22 2 4 62 4 5 6 
9 2 4 62 517 5 6 
22 28 4 28 639 99 35 
7 39 103 79 104 35 17 
7 71 2 62 569 24 6 
33 284 30 140 113 47 17 
32 42 30 82 112 43 17 
