9 2 6 15 22 3 682 
12 6 61 244 40 32 3 
1 1 287 83 2 3 6 
305 6 137 176 40 32 3 
8 2 2 10 1073 384 147 
9 17 5 843 86 3 6 
103 110 30 79 188 168 120 
18 70 22 97 115 175 47 
24 2 2 2 1074 3 1 
9 2 4 62 4 5 683 
188 313 5 2 11 5 6 
33 39 30 79 210 47 684 
8 2 4 842 600 3 35 
84 141 29 28 526 183 90 
8 2 4 842 127 34 35 
2 364 5 844 351 3 23 
7 17 52 2 1075 3 25 
33 38 44 82 1076 35 68 
33 153 30 82 189 35 36 
8 2 4 10 151 59 5 
2 2 27 25 11 3 5 
33 39 241 82 113 35 17 
1 1 2 83 26 3 6 
3 25 2 10 22 3 6 
24 2 2 2 1077 3 1 
33 66 30 82 104 47 685 
9 17 5 10 2 3 3 
33 39 30 82 118 43 36 
27 33 526 841 43 827 31 
18 755 395 100 138 114 623 
