86 314 87 691 746 126 727 
86 273 607 503 1182 129 95 
78 488 170 489 1109 888 658 
447 206 683 689 1167 646 161 
364 729 199 818 1016 799 726 
128 729 682 818 1016 799 656 
86 440 415 271 1179 130 636 
121 446 195 899 1153 247 720 
335 777 678 820 1155 667 723 
33 39 706 79 188 47 17 
33 39 30 82 113 897 17 
7 17 5 10 640 177 6 
103 110 103 140 764 898 120 
247 748 30 82 113 164 17 
103 110 103 140 210 899 79 
2 25 5 10 2 881 5 
103 110 103 833 113 164 120 
8 821 2 2 11 345 6 
33 748 30 82 113 47 17 
7 1 5 10 11 3 6 
103 110 103 833 210 164 17 
103 110 103 140 1048 900 79 
60 2 2 2 10 3 1 
8 52 292 668 470 407 23 
2 2 2 10 13 59 5 
8 822 2 2 11 12 6 
33 38 30 79 113 43 567 
9 2 2 10 86 3 5 
112 22 22 255 116 113 16 
2 15 4 3 154 25 735 
