7 17 5 2 10 3 125 
7 2 5 72 2 68 6 
8 7 2 2 11 12 6 
9 342 4 62 4 5 6 
9 53 10 10 11 3 3 
10 2 33 19 538 437 7 
180 389 95 47 541 442 3 
10 383 106 419 57 443 1 
180 172 322 47 39 180 3 
178 7 95 6 354 88 1 
10 385 106 129 39 444 3 
1 31 323 420 394 89 6 
1 2 95 62 472 400 147 
285 384 324 421 542 445 312 
10 280 277 49 394 443 6 
178 385 95 129 545 180 48 
1 389 325 422 541 180 6 
1 2 34 90 543 443 6 
10 31 25 49 57 7 313 
10 387 95 423 39 7 1 
10 387 61 423 39 449 1 
287 6 34 424 394 446 172 
10 308 106 47 57 447 1 
1 82 95 425 546 448 314 
1 172 5 426 39 231 6 
10 74 276 47 39 449 51 
286 172 5 426 39 443 6 
1 2 3 4 5 9 315 
10 6 61 427 548 447 6 
4 1 10 4 42 7 1 
