2 59 4 48 131 25 238 
2 61 4 64 126 136 23 
27 7 31 18 178 136 16 
84 106 29 28 74 25 90 
84 106 29 28 74 29 87 
84 106 29 28 74 136 87 
84 106 29 28 74 388 90 
84 106 29 28 526 136 116 
84 121 20 144 74 183 90 
84 141 29 144 388 136 87 
18 70 22 97 134 29 47 
8 364 80 69 604 25 35 
8 364 80 470 127 25 328 
2 52 29 469 127 253 23 
7 17 5 10 605 99 6 
7 17 5 10 605 12 6 
37 15 29 10 127 29 57 
33 17 30 82 104 47 6 
8 2 30 212 2 58 147 
24 30 5 2 10 3 6 
33 39 30 79 19 43 17 
33 110 30 115 189 47 41 
2 195 103 140 188 164 79 
2 4 1 2 17 1 5 
33 39 30 82 113 59 17 
33 38 30 82 104 225 36 
7 247 1 10 11 3 6 
7 2 5 2 104 3 6 
33 364 30 82 129 47 6 
7 53 5 15 11 3 6 
