1 2 42 4 90 9 8 
103 195 103 140 188 368 79 
33 38 30 79 880 64 17 
28 648 27 33 697 61 303 
33 39 150 174 104 35 17 
1 2 42 4 90 683 8 
2 4 1 25 11 358 5 
53 39 30 82 113 47 17 
33 38 150 82 877 43 41 
33 39 30 82 869 43 17 
103 195 103 140 188 368 17 
121 433 550 220 707 673 173 
175 638 216 282 359 293 102 
8 2 5 451 11 5 1 
27 640 22 49 43 20 31 
429 344 87 669 870 280 465 
130 86 520 612 871 280 465 
37 52 57 26 10 25 23 
28 34 27 33 881 428 213 
8 486 2 64 470 25 6 
2 61 4 470 127 7 23 
363 490 292 48 694 24 23 
37 367 292 26 470 25 35 
22 490 292 26 23 29 412 
24 526 2 2 22 3 1 
8 455 291 10 127 24 19 
33 284 30 140 112 47 17 
64 2 343 24 134 5 252 
33 39 30 311 113 47 17 
33 39 30 79 506 35 17 
