18 33 649 325 116 104 6 
33 66 30 82 104 206 17 
103 39 30 82 373 43 41 
582 38 30 82 104 43 17 
103 195 30 140 363 164 79 
159 39 134 82 113 43 68 
33 39 131 240 104 225 17 
157 110 30 79 104 35 17 
1 3 309 4 10 3 3 
53 39 30 82 113 35 17 
2 17 5 2 1145 59 6 
58 153 30 82 104 44 17 
118 39 30 79 104 43 17 
2 61 27 64 2 876 212 
8 17 5 2 13 59 23 
33 39 30 79 1066 283 17 
2 17 1 2 11 48 6 
583 215 590 215 1139 874 716 
1 4 2 2 225 5 17 
24 17 389 749 23 3 12 
7 4 21 131 125 7 1 
8 75 4 48 141 34 1 
7 363 29 28 17 25 58 
103 110 30 140 210 164 41 
33 153 30 115 104 117 17 
532 4 2 2 6 1 5 
33 153 30 161 104 43 17 
33 39 30 82 189 35 17 
79 1 59 3 140 3 5 
33 39 30 174 118 225 17 
