18 22 22 104 6 94 3 
18 22 275 351 122 113 16 
26 2 9 51 8 46 1 
2 2 73 147 220 190 104 
76 33 22 49 43 95 31 
1 2 3 3 5 7 3 
253 6 282 374 478 392 279 
18 7 165 98 129 86 16 
18 2 263 104 43 398 31 
10 33 22 49 11 82 31 
1 2 8 62 472 400 6 
17 165 95 5 8 2 21 
17 43 8 5 8 2 1 
2 52 29 48 6 99 23 
10 33 22 6 11 82 31 
2 59 4 28 473 25 283 
37 4 4 28 126 25 271 
33 38 150 79 210 35 17 
131 38 150 79 104 35 17 
7 84 103 350 188 3 6 
30 38 30 82 104 5 17 
2 4 1 234 7 1 5 
64 22 68 98 1 17 60 
47 22 61 98 1 17 1 
2 25 5 10 149 12 35 
2 75 2 48 141 34 1 
24 2 10 2 10 3 1 
24 2 2 2 10 34 1 
43 25 5 10 149 12 35 
43 75 4 48 141 34 1 
