2 1 52 3 2 1 59 
24 17 12 195 2 3 6 
24 10 2 195 11 59 6 
3 1 5 10 11 68 6 
55 172 21 49 125 48 23 
2 28 4 64 74 112 125 
271 4 5 2 2 1 236 
185 2 4 62 4 5 259 
176 1 2 83 2 3 6 
9 25 2 10 294 3 249 
9 55 5 10 11 48 8 
62 63 5 2 2 1 5 
59 4 5 2 2 1 5 
3 1 52 17 11 11 6 
2 1 1 3 2 123 5 
158 2 2 2 10 3 1 
9 25 5 121 23 3 6 
1 10 307 4 3 3 3 
2 1 1 3 516 1 5 
2 1 79 3 20 1 5 
8 2 52 53 11 3 6 
7 2 52 299 10 3 6 
1 4 2 4 19 3 6 
9 17 52 10 350 3 3 
2 4 1 2 416 1 5 
7 30 301 2 89 37 1 
62 4 52 2 2 1 5 
2 1 53 3 2 1 5 
57 17 2 56 11 12 6 
8 10 2 2 89 12 249 
