14 1 6 2 2 1 1 
2 1 1 3 2 1 25 
11 7 10 1 1 7 1 
7 26 4 2 4 12 40 
10 24 10 2 42 7 1 
2 2 1 2 2 1 5 
7 1 5 3 2 1 5 
22 2 27 9 75 1 5 
2 2 21 3 2 1 5 
2 1 1 83 7 1 5 
8 17 2 83 2 12 6 
2 1 1 2 7 1 5 
10 1 59 19 10 7 5 
68 4 2 2 6 3 17 
67 2 42 4 4 25 8 
9 1 4 6 4 5 6 
1 4 58 4 3 3 3 
2 21 4 38 17 25 35 
1 1 42 4 3 58 3 
3 4 2 2 6 3 17 
1 2 3 4 29 9 3 
43 1 1 3 2 1 25 
9 17 2 2 2 1 5 
1 3 6 4 11 3 3 
43 4 1 2 7 1 5 
2 72 4 48 103 34 1 
2 1 21 89 2 1 5 
1 6 60 24 12 28 1 
4 7 10 2 96 51 1 
2 1 1 3 2 78 5 
