254 70 77 97 115 86 47 
18 353 22 97 115 86 47 
2 165 73 2 220 190 104 
2 61 4 381 489 32 23 
1 172 95 62 43 32 147 
136 104 88 113 266 238 95 
9 17 2 382 11 3 6 
8 10 2 40 11 12 6 
1 355 42 4 90 25 8 
103 110 30 140 210 164 79 
255 339 279 383 479 391 276 
10 33 164 49 11 82 31 
7 17 2 10 11 3 6 
1 22 63 384 40 7 1 
243 324 280 370 493 389 277 
35 43 281 5 8 46 21 
244 343 272 366 474 399 289 
2 59 4 48 131 25 283 
264 356 12 3 2 1 5 
8 17 5 2 2 59 6 
8 112 5 2 10 59 6 
7 2 5 385 10 3 6 
7 112 5 62 11 413 6 
2 71 5 62 494 67 6 
1 357 295 4 3 40 3 
7 17 5 2 13 386 5 
2 6 1 3 6 1 5 
37 52 57 26 2 29 23 
2 1 1 2 2 1 6 
1 6 61 176 40 32 3 
