9 2 286 2 11 3 6 
24 2 288 72 13 405 6 
7 2 358 2 694 3 1 
4 27 16 19 10 5 7 
7 17 2 2 13 3 1 
166 2 1 10 688 3 1 
9 2 5 2 10 3 3 
2 61 12 3 11 1 5 
9 17 12 10 350 3 3 
2 4 12 3 470 1 5 
7 17 5 10 13 3 6 
336 39 30 82 113 43 17 
7 2 358 536 153 3 1 
9 114 16 10 13 3 3 
166 2 1 10 13 3 1 
2 61 12 10 2 1 5 
9 53 2 4 11 3 3 
8 10 2 68 10 12 6 
2 364 4 10 127 29 23 
4 7 10 2 42 51 1 
24 114 2 4 86 3 1 
9 2 5 10 11 3 6 
2 311 12 2 2 1 5 
2 2 2 3 126 404 5 
2 1 5 53 11 1 5 
2 4 1 10 19 1 5 
7 4 52 2 11 58 6 
9 17 5 470 350 3 3 
24 2 2 4 11 3 1 
24 2 2 2 688 3 1 
