130 440 370 276 757 129 156 
130 240 87 276 335 126 194 
8 17 5 10 11 3 6 
9 4 5 10 11 58 6 
7 17 2 2 13 3 12 
2 444 1 9 496 1 5 
124 38 30 79 104 43 17 
2 1 1 3 2 1 204 
2 29 29 28 74 267 124 
64 22 22 100 134 103 16 
33 38 30 79 626 43 17 
18 22 22 18 194 269 16 
33 39 30 82 763 47 17 
33 38 30 82 189 43 36 
423 39 44 82 104 35 36 
33 39 123 81 118 35 36 
33 39 134 82 104 43 17 
53 39 123 82 104 35 36 
76 70 496 104 116 109 31 
64 583 22 111 122 303 16 
33 153 30 82 764 85 68 
424 38 30 82 113 47 68 
399 1 1 3 2 1 5 
9 2 4 649 4 5 6 
2 7 10 4 1 601 1 
1 3 6 4 3 3 506 
258 174 497 193 574 615 131 
76 22 72 98 116 518 16 
27 99 498 104 774 285 31 
14 444 12 9 2 1 5 
