7 7 4 1 12 1 5 
7 2 12 9 2 1 5 
7 4 2 10 11 3 3 
9 2 5 4 2 1 17 
2 10 2 10 11 3 3 
7 7 2 10 11 3 3 
4 7 10 4 1 7 12 
8 10 2 2 11 12 1 
7 17 2 3 11 3 3 
3 28 1 3 11 1 3 
7 28 2 10 2 1 3 
2 4 1 4 42 1 5 
4 7 21 3 11 1 12 
2 1 10 4 42 1 1 
2 2 27 11 20 1 6 
6 3 1 2 7 47 5 
9 2 4 62 1 7 1 
3 2 5 60 11 1 6 
7 53 2 10 11 3 5 
7 2 10 62 4 5 1 
4 2 10 62 4 5 6 
9 2 5 4 10 62 5 
2 29 4 27 10 25 1 
4 7 10 4 42 33 1 
9 2 4 62 11 5 8 
9 2 4 62 4 3 17 
2 1 1 3 56 59 5 
7 17 2 62 23 5 12 
7 17 2 15 23 56 12 
33 39 30 82 112 56 68 
