33 39 65 79 188 47 17 
33 39 30 82 104 746 17 
18 70 22 18 134 74 47 
429 712 609 612 1035 280 667 
130 86 87 612 871 129 465 
121 633 175 692 829 576 545 
33 39 65 79 113 85 17 
2 110 30 79 188 164 79 
18 22 78 18 134 86 47 
121 691 575 797 985 482 638 
224 38 44 82 104 85 36 
7 71 5 62 11 739 614 
33 110 30 79 188 47 17 
2 110 30 82 188 164 17 
33 110 30 82 104 44 17 
123 166 144 262 230 191 121 
53 38 30 81 118 323 36 
32 39 30 82 188 43 139 
128 729 199 818 1016 799 656 
128 433 366 486 707 501 173 
33 740 30 79 104 56 17 
540 633 378 500 630 208 377 
33 39 65 79 113 47 668 
33 153 30 828 104 47 17 
147 743 159 215 820 509 367 
33 741 30 82 113 47 17 
121 91 635 829 556 208 324 
33 39 30 79 1037 43 17 
33 39 30 79 1039 85 17 
147 742 605 434 556 482 324 
