4 7 10 4 10 51 1 
10 27 16 4 6 5 7 
32 38 44 82 104 35 17 
33 38 30 140 189 171 141 
33 153 30 82 113 56 17 
33 38 30 161 118 44 68 
8 39 30 82 113 43 17 
33 153 30 78 104 35 17 
7 17 5 68 23 58 6 
9 17 16 843 86 3 6 
33 39 134 161 104 44 17 
24 2 688 2 10 3 1 
8 2 4 842 1190 3 35 
8 2 4 842 1190 34 35 
8 2 4 842 10 34 35 
32 39 30 79 1191 44 730 
32 39 134 174 104 43 17 
33 42 30 82 104 47 211 
2 7 10 68 1 7 1 
9 78 42 4 489 12 8 
262 61 21 28 1192 3 35 
24 2 2 2 10 3 732 
7 17 5 68 13 58 6 
262 15 4 28 90 34 35 
37 10 2 10 11 12 6 
118 39 30 82 104 47 17 
2 1 52 3 1196 100 5 
9 2 4 842 127 34 35 
9 17 5 843 11 3 6 
8 2 4 842 10 3 35 
