9 17 5 53 11 3 6 
2 84 5 68 2 1 5 
9 30 5 2 89 59 6 
14 21 2 10 10 3 6 
24 2 2 2 151 3 1 
9 2 2 2 11 5 200 
2 71 5 62 67 67 6 
8 10 2 2 347 1 6 
83 84 1 10 11 3 46 
10 27 59 19 10 5 197 
2 247 21 28 352 24 125 
64 4 164 98 123 229 16 
2 7 21 3 2 1 5 
10 27 59 19 10 5 201 
7 248 29 278 58 29 58 
64 89 212 100 134 94 16 
7 84 5 15 11 1 6 
33 39 30 82 189 47 74 
7 187 21 49 125 224 26 
49 66 66 79 163 288 17 
33 176 30 115 104 43 17 
33 242 30 82 113 43 17 
18 243 208 18 345 86 47 
2 4 5 25 11 3 5 
2 1 12 3 346 1 196 
2 241 12 3 2 1 5 
2 71 5 62 22 3 6 
8 21 5 2 10 59 6 
2 4 2 2 7 1 5 
166 2 5 72 151 3 1 
