130 177 87 276 1143 126 194 
33 38 65 82 113 171 17 
22 28 4 28 11 1 35 
7 25 2 2 431 3 6 
86 177 87 276 1140 126 194 
22 28 4 28 363 1 35 
7 31 29 28 360 161 87 
95 795 671 892 1137 872 717 
121 239 204 895 400 330 239 
2 17 5 2 11 12 6 
7 2 30 2 156 3 6 
32 38 30 82 118 171 17 
33 153 134 161 104 47 17 
33 39 30 78 104 43 388 
8 10 2 2 11 12 70 
32 38 30 174 113 35 17 
2 1 1 560 140 3 5 
7 17 5 2 119 3 6 
2 4 1 4 19 62 674 
2 4 1 2 85 1 5 
1 39 30 79 104 43 17 
8 2 5 53 11 814 1 
431 17 2 3 2 1 5 
1 2 3 83 5 9 3 
431 21 1 3 2 1 5 
2 1 1 3 140 5 5 
33 39 30 174 104 117 17 
1 3 6 4 5 3 3 
431 1 5 3 2 1 5 
2 2 5 10 11 11 6 
