33 39 30 79 459 43 527 
317 39 30 140 113 43 41 
103 195 30 140 188 164 79 
561 39 651 82 113 43 17 
33 153 30 82 152 43 36 
33 39 65 82 113 47 41 
33 39 30 82 189 43 664 
7 17 2 2 7 3 6 
33 39 30 79 113 43 307 
86 412 86 691 325 126 75 
2 17 5 2 10 12 6 
33 38 30 79 118 43 17 
33 38 30 81 104 44 36 
2 17 2 3 19 1 301 
2 338 2 2 2 1 301 
9 17 12 2 2 3 1 
7 2 5 15 11 3 6 
24 17 2 3 2 1 301 
3 1 5 859 11 68 6 
8 258 2 2 89 3 6 
103 110 30 159 210 3 79 
33 39 30 140 104 64 41 
8 10 2 2 22 12 6 
24 17 2 2 11 3 1 
2 17 12 2 2 3 1 
33 39 65 82 113 47 79 
10 31 95 47 101 134 49 
18 22 20 98 138 254 16 
103 110 103 140 104 169 41 
7 2 1 2 156 3 6 
