24 110 2 2 10 3 1 
7 1 2 15 23 3 12 
22 7 4 28 363 3 6 
2 146 4 38 40 25 35 
2 61 4 10 10 7 23 
2 10 4 26 127 29 35 
7 71 5 303 23 67 1 
22 28 4 28 58 99 35 
9 10 2 4 19 3 6 
37 4 57 48 13 25 23 
10 1 33 44 10 5 7 
20 223 181 252 306 264 169 
20 26 24 188 780 19 522 
20 223 181 498 306 264 169 
32 39 30 82 163 43 17 
33 42 30 79 113 47 17 
33 38 30 79 104 622 17 
63 164 24 254 27 264 169 
63 164 24 254 27 19 18 
63 34 27 33 45 36 6 
63 223 141 252 306 264 169 
63 164 181 251 306 264 170 
63 590 181 254 781 621 18 
63 223 24 253 305 263 168 
63 223 365 251 305 263 168 
63 223 181 251 306 264 167 
63 164 365 254 27 19 18 
63 164 180 188 783 266 18 
325 223 181 253 782 581 18 
326 223 181 253 305 263 168 
