2 114 1 3 2 1 6 
2 80 1 416 2 1 6 
2 104 1 3 509 1 102 
7 2 1 3 2 1 6 
33 77 1 3 537 1 6 
54 342 1 27 2 436 102 
33 2 1 121 509 1 17 
2 39 5 3 2 43 6 
1 39 1 3 75 43 6 
33 2 1 3 2 309 6 
1 2 283 45 70 1 6 
1 39 46 324 2 309 38 
1 39 46 236 104 43 17 
2 1 4 28 127 25 58 
33 38 30 82 104 333 36 
32 38 44 82 104 117 36 
32 39 44 82 163 117 36 
53 39 44 82 104 43 36 
32 39 30 82 104 35 36 
32 153 44 82 104 44 17 
32 39 44 82 104 35 36 
33 39 30 82 104 332 17 
33 153 226 82 104 43 17 
33 38 30 81 118 225 36 
33 38 44 82 113 43 36 
33 39 44 82 104 117 36 
32 39 44 82 118 117 36 
32 38 30 82 118 44 36 
33 39 30 82 104 44 68 
33 38 30 82 113 332 17 
