1 3 6 4 54 91 6 
33 39 30 82 211 85 17 
18 33 22 160 139 86 16 
87 39 30 82 104 44 74 
1 2 3 4 5 9 7 
2 1 12 4 2 1 5 
33 35 30 82 104 43 17 
33 39 30 82 189 44 74 
33 38 66 82 104 43 17 
87 39 30 82 189 44 74 
103 110 103 140 188 138 79 
33 39 30 139 104 170 17 
53 38 44 82 104 35 17 
119 39 30 82 118 44 36 
53 39 30 82 104 44 36 
33 38 30 82 104 35 17 
53 38 30 81 104 44 36 
33 39 123 82 113 35 36 
33 38 30 167 104 35 17 
33 39 30 82 104 44 36 
33 39 30 82 189 43 41 
33 38 30 82 152 173 68 
33 39 30 174 104 35 17 
33 39 30 82 104 85 68 
33 38 44 82 104 35 17 
33 39 30 82 189 43 68 
33 38 30 82 104 44 36 
33 39 30 78 113 43 17 
33 38 30 173 104 35 68 
33 39 30 78 104 44 17 
