2 1 33 3 2 1 5 
33 66 30 79 383 35 17 
160 84 2 267 13 3 5 
55 10 2 2 11 3 6 
1 2 3 4 1188 9 3 
7 4 2 68 11 1 6 
2 1 3 3 5 9 3 
17 43 281 5 8 46 21 
2 17 512 2 22 3 6 
103 1 2 3 2 1 5 
8 10 2 2 1189 536 6 
2 2 2 3 2 891 5 
1 2 3 3 5 9 34 
2 3 1 3 2 309 6 
2 7 1 3 2 1 6 
33 39 103 82 373 85 17 
116 39 30 82 113 35 17 
1 1 2 3 5 1 5 
33 39 30 82 104 214 68 
33 110 30 883 113 43 17 
4 39 30 140 113 43 17 
33 810 30 82 113 43 17 
103 110 103 140 504 164 79 
590 2 2 3 2 891 5 
1 17 2 2 11 1 6 
521 38 30 78 104 85 17 
1 17 1 2 11 3 6 
9 53 2 915 11 3 3 
33 39 30 82 113 43 68 
116 38 44 82 104 35 17 
