76 101 22 104 116 86 16 
1 98 22 18 116 10 47 
2 4 2 2 2 1 5 
2 75 4 48 141 34 1 
2 1 5 3 3 1 5 
24 75 4 48 141 34 1 
7 75 4 28 17 34 12 
35 2 8 51 121 46 21 
4 7 10 5 1 7 1 
1 4 2 4 6 3 17 
22 103 4 28 11 110 6 
2 1 79 3 2 1 5 
8 1 6 3 10 1 1 
9 2 2 2 11 5 6 
33 39 30 82 113 47 17 
33 39 30 114 104 35 17 
33 39 30 82 104 56 17 
33 39 30 82 104 43 17 
33 39 30 82 113 43 17 
33 39 30 79 104 47 17 
33 39 66 82 104 44 41 
33 39 30 79 113 43 17 
44 106 29 28 136 1 35 
64 105 20 77 94 113 16 
64 33 76 108 146 107 61 
64 33 20 111 138 17 47 
64 19 20 100 144 3 6 
18 99 60 104 145 114 31 
18 2 22 104 134 115 31 
18 100 68 24 138 116 63 
