47 17 5 10 11 3 6 
2 4 2 3 2 1 5 
8 1 2 2 89 59 6 
1 6 137 244 40 32 3 
270 98 5 397 511 420 304 
258 174 207 193 336 421 131 
76 22 22 100 242 204 16 
271 370 309 398 512 422 90 
18 22 77 98 122 320 16 
64 22 20 100 242 204 16 
80 22 72 325 116 423 305 
64 22 310 255 134 204 60 
17 2 8 51 8 46 21 
64 133 203 100 134 160 60 
64 33 68 98 134 17 16 
38 165 311 100 214 424 6 
1 6 5 176 513 32 3 
37 59 57 26 127 29 23 
2 1 1 3 2 426 5 
64 22 312 98 94 54 16 
272 22 203 351 514 229 16 
18 22 77 109 122 86 16 
216 150 105 109 146 103 306 
2 371 4 399 372 99 35 
7 15 4 28 372 25 35 
8 2 5 53 42 3 1 
2 1 5 10 11 11 6 
59 1 1 3 2 1 282 
172 312 61 378 261 413 6 
3 1 5 17 11 11 249 
