8 39 30 82 113 44 17 
1 2 3 3 5 1 3 
103 195 103 140 188 164 120 
7 4 5 2 86 232 1 
9 2 4 845 4 5 6 
33 39 30 82 483 47 17 
7 4 32 2 11 1 5 
7 17 5 2 10 1 26 
4 7 59 4 1 7 1 
18 22 275 104 205 94 6 
2 1 1 3 140 9 5 
7 112 5 62 11 1 6 
7 2 1 2 2 3 6 
1 1 2 3 2 1 5 
10 62 59 19 6 5 7 
9 2 5 2 11 67 6 
2 4 5 83 2 1 5 
7 2 2 2 22 3 6 
152 38 30 82 104 35 17 
2 315 12 3 2 1 5 
2 53 12 3 13 1 5 
2 1 5 93 11 201 6 
33 42 30 82 104 35 211 
24 2 4 838 10 491 1 
33 39 354 82 113 43 17 
2 3 1 4 140 3 5 
37 59 4 48 13 25 23 
103 110 103 350 113 164 79 
10 27 33 44 10 37 7 
9 25 2 10 22 706 632 
