33 66 30 82 104 43 17 
33 39 30 79 188 164 17 
33 39 240 82 104 206 17 
33 39 30 82 407 47 17 
33 39 30 82 104 214 17 
33 39 30 82 113 206 17 
33 39 30 82 113 85 41 
58 39 30 79 104 206 17 
2 30 4 28 127 25 58 
62 30 2 2 89 322 6 
7 21 5 62 408 3 216 
160 84 2 121 13 3 5 
24 61 4 64 74 321 23 
7 4 52 68 11 3 6 
24 257 4 243 20 25 212 
22 30 2 2 89 322 6 
2 30 2 2 89 59 6 
10 286 59 19 10 5 7 
2 61 1 3 2 1 5 
37 52 57 48 127 29 23 
24 30 2 2 89 322 6 
211 39 30 79 104 206 17 
33 39 65 79 113 206 17 
22 61 243 10 127 29 23 
10 27 59 4 10 326 7 
8 61 4 64 74 57 23 
212 30 2 2 89 59 6 
7 71 5 321 11 67 6 
79 55 5 10 11 1 6 
2 1 29 28 409 25 58 
