2 1 2 3 1 1 5 
2 1 12 3 123 1 5 
6 4 52 2 74 282 5 
2 61 4 64 126 489 23 
15 423 78 18 205 86 188 
17 2 362 5 8 2 4 
19 24 23 20 26 1 15 
2 432 4 405 74 25 1 
37 126 4 38 141 499 40 
14 1 7 64 612 25 58 
2 4 1 4 113 62 5 
2 112 5 62 2 3 26 
33 38 44 323 113 35 36 
33 38 30 79 104 332 17 
33 39 30 82 540 43 17 
1 7 363 4 261 7 1 
7 71 5 62 22 67 26 
2 17 2 3 2 500 5 
84 106 29 28 74 136 89 
84 106 115 28 74 161 87 
2 4 4 48 74 25 57 
10 31 95 129 388 134 49 
24 30 2 2 89 3 6 
8 10 2 2 11 3 1 
103 103 57 26 74 25 23 
63 223 181 251 306 263 168 
7 76 5 2 10 3 6 
324 6 29 484 40 32 3 
2 1 12 3 2 226 5 
63 164 364 188 27 19 18 
