33 1 1 82 104 1 17 
33 39 30 82 711 56 17 
172 2 5 2 10 3 6 
324 2 3 4 5 9 3 
391 39 30 82 104 56 17 
2 4 2 4 19 3 12 
9 61 2 2 517 5 35 
7 17 2 15 23 3 6 
7 112 5 15 42 67 1 
2 7 40 4 2 51 5 
2 1 5 3 2 3 26 
7 84 5 2 19 67 6 
7 112 5 15 119 12 6 
33 39 103 82 104 47 17 
14 10 2 2 11 12 6 
2 1 209 3 2 1 5 
17 5 8 5 712 2 4 
7 84 2 10 119 178 26 
9 84 16 10 90 3 5 
37 52 220 26 127 24 35 
2 4 1 2 713 1 5 
2 1 1 3 714 1 3 
2 1 21 462 2 1 5 
2 542 12 3 2 1 5 
124 66 30 79 188 47 17 
8 17 5 2 125 59 6 
9 25 2 617 22 3 6 
6 4 1 2 2 1 5 
33 39 461 139 619 43 17 
33 39 30 391 104 47 74 
