33 39 66 82 104 44 17 
47 2 5 10 11 3 8 
55 172 21 49 125 48 51 
125 17 29 10 10 25 6 
160 4 5 267 11 3 5 
185 10 5 10 22 3 6 
24 25 2 2 226 59 221 
33 25 30 82 104 35 17 
7 17 5 2 10 307 6 
4 2 3 3 5 7 3 
197 15 4 48 13 25 57 
33 153 2 2 89 43 6 
2 264 2 3 2 1 5 
20 25 24 21 27 19 18 
4 7 10 4 1 308 1 
8 10 2 2 378 12 6 
7 2 5 302 10 3 6 
7 112 5 2 379 67 6 
37 52 4 131 380 99 23 
7 265 5 10 119 178 26 
8 2 6 3 2 1 1 
9 2 5 2 11 3 6 
9 2 2 2 259 61 6 
24 21 2 2 2 59 6 
2 1 52 3 2 1 5 
7 2 40 2 10 3 6 
7 17 12 10 89 3 6 
4 7 1 4 42 51 1 
7 2 5 2 10 5 6 
47 2 5 10 11 48 8 
