4 7 59 4 1298 7 1 
7 17 2 2 2 3 820 
8 10 2 2 11 12 821 
121 702 603 169 1281 458 92 
335 799 196 874 1170 992 822 
33 39 707 82 104 47 36 
33 38 30 82 113 47 139 
37 28 4 28 363 99 35 
24 17 389 2 10 3 1 
8 61 4 28 600 25 23 
8 114 2 212 2 676 6 
86 417 615 124 1181 129 241 
113 86 88 198 1160 129 230 
86 189 87 198 164 503 76 
579 797 87 198 1174 129 95 
142 189 86 124 598 129 153 
331 803 87 905 1164 129 95 
130 189 416 124 1172 126 153 
156 208 626 817 317 887 94 
86 177 87 276 335 126 194 
88 805 191 490 1173 126 95 
130 177 239 864 1163 244 241 
86 177 88 907 1171 238 153 
587 39 69 447 589 35 352 
128 801 679 227 324 208 377 
130 86 191 198 1174 277 95 
86 86 88 308 1168 129 76 
210 799 233 219 1154 882 562 
121 156 199 182 279 704 728 
86 797 88 102 1185 126 95 
