4 46 4 5 4 5 1 
27 33 22 3 43 9 1 
27 31 34 5 57 45 31 
2 1 21 3 2 1 1 
2 1 1 3 1 1 5 
2 1 1 3 1 1 3 
2 2 5 3 58 1 5 
2 1 1 3 2 1 1 
4 7 10 4 2 1 5 
2 1 5 3 2 3 5 
2 1 5 3 7 3 1 
7 35 5 50 2 1 6 
2 1 21 3 20 1 7 
17 4 1 2 8 1 5 
40 4 2 2 6 3 5 
17 5 9 5 8 2 6 
75 2 4 62 4 5 6 
17 47 36 5 8 2 1 
35 5 9 5 8 46 2 
41 43 9 5 8 46 3 
4 1 12 3 2 1 5 
7 28 4 28 17 1 12 
17 7 10 30 1 7 4 
13 3 6 4 3 3 3 
2 4 1 2 7 51 5 
2 21 5 37 2 1 5 
42 4 1 2 7 1 5 
26 2 9 51 8 46 5 
27 33 29 49 43 9 1 
4 21 5 3 7 1 5 
