166 2 1 10 11 12 1 
1 3 6 266 3 75 3 
10 81 268 87 120 76 52 
4 7 10 360 1 7 1 
64 22 22 97 134 301 16 
1 4 267 2 6 3 17 
2 1 1 359 2 1 5 
64 22 68 97 134 301 16 
8 2 5 53 456 3 1 
4 7 10 4 125 7 1 
18 70 77 97 205 86 47 
64 22 164 230 123 101 60 
18 89 72 109 122 94 16 
2 4 42 3 2 1 5 
18 33 22 142 134 51 243 
22 61 4 64 57 25 23 
2 7 4 48 131 24 57 
37 52 72 26 127 29 23 
9 1 4 62 4 2 6 
64 89 77 357 94 160 16 
37 59 4 358 126 25 271 
33 39 30 78 113 367 17 
33 39 30 79 104 374 17 
2 78 1 2 7 1 5 
2 331 1 3 2 1 6 
2 1 2 362 2 1 5 
2 78 1 3 2 1 5 
17 2 5 5 8 2 4 
1 4 21 2 6 3 17 
8 1 57 26 74 29 35 
