1 4 2 83 2 3 6 
103 176 30 140 1040 59 120 
37 61 12 64 363 24 23 
67 21 2 10 23 830 147 
8 455 291 846 127 24 19 
3 110 103 140 104 164 79 
37 476 4 28 188 25 147 
8 364 4 470 127 29 6 
7 114 12 2 86 3 6 
33 39 4 79 113 43 17 
18 99 22 104 43 101 31 
1 7 5 847 261 97 1 
2 757 1 2 7 1 5 
33 38 30 82 104 831 17 
18 22 229 366 43 101 60 
33 39 30 82 127 47 17 
7 17 5 2 10 1 6 
4 7 4 4 42 25 1 
61 235 72 100 138 103 6 
24 2 2 10 11 3 6 
2 4 2 3 5 1 5 
9 2 2 333 11 3 1 
24 30 5 10 11 3 8 
76 150 105 109 146 480 306 
24 30 2 2 10 59 1 
1 387 5 426 39 449 6 
7 1 2 849 2 3 6 
3 758 5 17 11 11 6 
553 30 2 2 89 137 687 
24 17 5 2 23 59 6 
