17 2 8 5 8 156 21 
17 2 8 5 8 121 4 
2 1 1 3 20 1 3 
1 2 42 4 98 5 34 
26 2 9 51 8 2 21 
26 2 9 101 8 46 21 
35 43 9 51 8 2 21 
35 43 8 5 8 2 21 
64 98 121 100 122 139 60 
26 43 9 51 8 46 21 
26 43 9 2 8 46 21 
26 2 9 5 8 46 21 
26 2 9 21 121 46 21 
26 43 8 5 8 2 21 
1 4 2 4 185 3 6 
2 35 2 43 23 3 12 
2 4 84 105 236 25 57 
2 4 5 93 11 3 6 
8 21 2 62 67 48 6 
2 75 80 48 141 34 1 
33 38 66 140 113 43 17 
33 39 30 82 104 47 74 
2 126 4 28 141 34 35 
2 28 4 38 149 34 124 
66 39 30 82 104 47 17 
2 125 4 64 74 29 23 
2 28 12 28 141 25 125 
2 126 4 38 141 34 35 
2 15 4 3 154 51 35 
33 39 30 186 113 47 17 
