9 17 5 10 2 1 3 
2 1 5 10 2 1 1 
2 17 2 15 23 3 12 
6 2 42 4 98 58 34 
9 53 2 10 11 3 3 
47 21 2 2 11 3 6 
2 55 5 10 4 59 8 
4 55 5 10 4 3 8 
9 11 5 3 4 3 8 
8 10 2 75 11 12 6 
1 4 2 4 3 3 6 
14 45 2 4 19 3 6 
7 2 4 62 4 1 6 
2 4 21 3 2 1 5 
2 21 1 3 72 1 5 
9 2 4 62 4 1 6 
2 56 21 3 2 1 5 
55 21 45 71 11 37 3 
2 2 5 62 4 5 1 
9 7 10 4 1 7 1 
1 2 12 4 5 1 3 
56 4 5 2 74 1 5 
2 64 5 2 59 1 5 
57 17 2 2 11 12 6 
7 28 4 28 84 34 35 
8 10 2 2 82 12 6 
51 37 5 65 2 56 5 
4 7 14 4 1 9 1 
7 17 5 10 11 7 6 
2 1 5 3 83 1 5 
