4 1 10 4 1 7 5 
4 1 41 4 42 7 5 
4 2 10 4 1 7 6 
4 4 10 4 1 7 6 
4 7 4 4 42 7 1 
6 4 21 2 2 1 5 
7 1 2 3 23 3 5 
7 2 4 2 10 3 6 
7 2 6 10 11 37 1 
7 4 2 2 19 1 6 
7 4 5 2 11 1 25 
7 17 5 2 23 3 1 
7 17 5 2 86 3 6 
7 17 12 15 23 3 12 
7 21 5 62 4 61 1 
7 21 5 62 67 48 6 
7 21 16 62 4 61 44 
7 21 21 62 4 61 44 
7 53 1 10 11 3 3 
7 71 5 2 10 3 6 
7 84 5 10 119 178 26 
7 84 12 10 119 178 26 
8 1 6 3 2 1 5 
8 2 5 53 11 3 5 
8 2 5 53 11 3 6 
8 17 2 10 11 61 3 
9 2 1 3 2 1 5 
9 2 1 62 4 5 6 
9 2 2 10 10 3 5 
9 2 4 62 7 5 5 
