86 275 87 276 851 236 636 
121 156 774 684 1312 208 173 
162 215 195 352 454 371 837 
628 651 169 1022 836 72 840 
86 177 615 276 1330 236 241 
357 215 534 182 646 514 381 
81 39 770 113 845 63 160 
86 86 174 198 1326 126 95 
86 86 201 271 166 129 399 
86 86 415 271 1327 279 75 
121 207 407 220 689 208 173 
629 86 87 198 166 130 76 
22 172 4 64 1338 25 23 
121 927 126 602 1314 1004 601 
204 273 239 276 471 129 156 
360 923 771 1027 1321 208 192 
121 920 629 182 973 330 173 
136 177 370 700 411 129 825 
86 86 393 124 325 209 240 
86 86 370 271 166 127 76 
86 228 174 269 166 362 95 
331 86 88 245 288 129 76 
130 803 86 271 1322 126 95 
136 39 147 113 1317 129 160 
360 91 126 1024 1310 357 190 
86 273 174 124 1329 1007 153 
335 702 336 1023 635 852 835 
121 156 775 182 1307 1003 183 
554 87 560 1020 1308 995 843 
128 215 549 701 1315 208 155 
