2 53 5 10 11 3 3 
37 2 5 64 332 668 1 
8 2 2 10 86 3 147 
9 17 5 10 74 3 3 
37 61 4 64 982 7 6 
33 2 30 82 104 3 17 
33 39 30 79 1010 206 17 
33 176 30 79 189 43 325 
8 17 5 2 10 59 380 
33 39 30 79 1011 43 41 
64 33 22 100 122 788 16 
1 3 6 4 3 789 3 
4 7 621 4 42 25 1 
8 17 622 2 10 59 6 
24 2 623 2 10 289 1 
1 4 2 2 6 1 649 
33 39 30 79 113 47 650 
123 433 366 813 1012 790 651 
7 112 5 2 1013 1 26 
1 2 3 4 5 791 3 
535 4 1 2 11 792 26 
262 725 2 379 89 12 6 
33 39 30 79 189 56 17 
2 21 12 62 11 67 6 
2 17 5 2 10 25 6 
9 21 2 814 153 253 147 
22 28 4 762 363 99 35 
2 1 6 3 1014 1 5 
22 490 52 26 23 24 412 
10 27 16 19 23 5 7 
