121 719 608 792 987 576 634 
121 691 575 434 1001 744 638 
454 720 401 205 1002 650 646 
1 6 5 176 1003 293 3 
531 2 34 803 1004 293 3 
10 45 617 803 1005 293 647 
1 6 5 92 261 7 3 
18 2 618 805 1 775 16 
2 1 21 3 4 1 5 
8 17 5 2 11 3 1 
525 711 204 793 988 744 635 
227 297 253 338 424 750 250 
227 297 253 802 424 337 250 
227 632 253 541 424 337 250 
227 721 253 338 424 337 250 
227 297 253 806 424 337 250 
2 1 21 3 2 780 5 
7 4 5 801 11 58 6 
81 39 147 113 404 782 160 
86 598 607 245 581 209 76 
15 423 78 18 999 86 188 
2 110 30 82 188 164 79 
22 1 4 26 363 3 35 
33 176 30 82 189 47 17 
33 176 30 79 189 43 17 
32 39 30 82 113 35 36 
33 39 30 82 113 35 263 
33 38 134 161 104 35 17 
103 110 30 82 308 164 79 
296 34 27 807 995 781 642 
