2 1 84 3 19 25 57 
27 7 63 18 178 86 16 
4 7 10 4 1 7 6 
2 3 1 4 19 1 5 
9 10 52 10 11 3 6 
2 55 5 10 2 3 6 
2 28 4 38 141 25 90 
9 7 4 62 4 5 12 
8 17 5 2 23 59 6 
1 4 5 2 6 3 17 
7 17 5 2 13 3 26 
7 200 5 2 10 1 6 
2 1 21 3 2 7 5 
2 197 1 4 19 62 5 
33 39 150 79 113 283 17 
7 2 5 2 10 12 6 
62 4 5 2 2 5 5 
7 60 6 62 1 67 6 
9 53 2 10 11 1 3 
7 17 2 15 23 1 12 
33 39 30 79 113 1 17 
33 39 30 82 104 228 36 
57 17 2 2 11 47 6 
1 3 6 4 3 5 3 
7 53 2 10 11 1 3 
2 4 2 2 6 7 5 
9 2 2 212 153 253 147 
2 4 21 2 7 1 5 
4 7 10 4 1 3 1 
2 1 1 3 2 3 5 
