1 71 5 5 11 67 1 
2 3 6 4 3 3 3 
4 2 4 6 4 5 6 
4 7 10 6 1 7 1 
2 7 10 4 5 7 1 
1 4 1 2 7 1 5 
2 2 3 4 5 9 3 
1 1 1 3 2 1 5 
1 1 1 3 2 1 3 
2 1 12 88 2 1 5 
17 2 8 5 99 2 4 
2 1 21 9 2 57 5 
2 4 1 93 11 3 6 
8 17 5 2 10 3 1 
7 2 5 10 11 37 1 
2 15 4 27 13 80 23 
7 77 5 2 10 3 6 
74 10 2 2 11 12 6 
4 79 10 4 42 51 1 
9 2 2 10 86 59 5 
2 71 5 62 11 67 6 
9 2 4 62 105 5 6 
9 17 2 94 86 3 6 
7 78 42 95 106 12 8 
9 30 2 2 89 59 6 
2 17 12 3 2 1 5 
2 17 5 2 11 81 6 
4 7 10 4 42 25 1 
8 32 2 71 22 3 6 
7 1 5 3 2 1 6 
