33 38 30 78 118 43 17 
76 22 165 98 146 729 16 
33 38 30 78 104 56 17 
33 38 44 82 104 47 132 
33 39 30 78 104 44 68 
64 99 22 104 931 108 16 
47 676 581 757 928 727 591 
18 676 582 757 932 730 590 
485 2 583 104 43 350 31 
1 33 584 104 43 109 31 
33 39 30 555 113 47 36 
33 39 30 78 104 332 17 
33 39 30 555 113 43 36 
33 39 44 82 104 332 36 
18 22 100 18 586 715 6 
15 22 78 18 934 86 188 
18 22 388 24 935 101 31 
491 678 582 757 928 727 590 
33 39 30 174 113 43 17 
33 622 30 82 104 43 17 
1 378 2 2 6 3 17 
1 1 1 2 2 1 5 
4 680 10 4 1 7 1 
2 682 5 3 2 732 5 
2 1 1 3 938 1 5 
494 7 2 4 1 7 1 
500 2 3 4 5 734 3 
4 680 61 4 1 7 1 
492 1 5 3 2 1 5 
2 679 5 3 23 732 5 
