224 66 30 82 113 206 17 
292 66 30 82 113 47 17 
388 39 30 82 113 43 17 
2 1 4 28 737 25 58 
33 176 30 310 113 580 17 
166 37 30 79 104 47 17 
7 529 5 2 11 3 6 
255 530 279 607 740 585 276 
7 17 2 15 23 59 12 
8 30 2 2 89 59 6 
7 1 2 2 4 1 6 
392 4 5 25 11 203 5 
18 89 77 109 122 269 16 
47 55 5 10 89 48 8 
277 105 20 143 134 15 16 
7 311 5 2 11 3 6 
22 7 10 4 42 51 1 
2 21 5 37 499 1 5 
2 1 12 3 340 1 5 
6 114 6 2 2 1 1 
7 17 5 2 10 3 54 
2 1 12 3 2 1 3 
2 21 5 284 60 1 5 
4 7 10 4 1 7 124 
4 7 10 4 1 507 337 
4 7 41 4 42 7 124 
4 7 41 4 42 7 248 
5 7 10 4 1 7 163 
5 377 40 4 42 51 380 
9 25 2 10 22 3 102 
