2 4 5 719 2 1 5 
7 708 52 2 11 1 386 
76 22 20 97 134 101 16 
8 2 5 53 1 3 1 
130 189 86 259 287 244 76 
72 188 69 113 143 128 67 
1 2 42 4 5 58 3 
9 2 2 10 983 253 147 
7 2 2 15 982 3 12 
1 2 2 2 11 5 6 
33 39 30 788 113 43 68 
7 53 2 790 11 3 3 
9 716 2 10 22 3 6 
4 338 307 3 1 7 1 
4 338 16 3 1 12 1 
24 2 12 2 11 12 1 
24 247 12 2 2 3 1 
24 10 12 2 2 3 1 
2 1 1 3 119 3 1 
2 17 2 3 119 3 1 
2 1 2 787 119 3 5 
2 1 1 787 119 3 5 
8 1 2 3 2 59 5 
2 17 1 3 119 1 1 
8 10 12 2 11 12 6 
8 17 2 10 10 12 6 
77 338 2 3 89 59 6 
2 338 2 2 89 59 6 
24 1 5 84 11 11 6 
24 7 2 1 981 7 1 
