33 39 30 173 113 43 68 
33 153 30 82 104 43 36 
32 38 44 82 104 43 36 
53 38 44 81 118 35 36 
33 39 30 82 104 44 17 
33 39 134 79 118 117 17 
53 38 30 82 118 44 36 
33 39 122 82 113 43 17 
115 39 30 140 104 43 41 
103 110 103 140 188 169 79 
32 39 30 115 104 85 17 
33 39 134 82 104 117 17 
33 39 30 82 118 35 17 
33 39 30 166 104 47 97 
103 110 30 171 188 169 96 
33 39 30 79 104 64 17 
33 153 30 173 104 43 36 
33 39 134 79 104 47 17 
33 39 134 79 215 171 17 
115 39 30 140 104 43 36 
103 110 103 171 188 169 79 
7 2 5 2 2 67 6 
33 39 30 140 189 47 79 
116 39 30 82 113 47 36 
32 38 44 82 118 43 36 
33 39 30 79 104 44 17 
33 39 122 79 113 43 41 
33 39 128 82 113 117 36 
33 39 65 82 189 47 17 
33 39 30 82 104 47 41 
