14 21 2 10 153 3 6 
2 217 52 3 23 100 5 
14 21 2 10 23 3 6 
9 30 2 15 89 59 6 
9 2 6 15 22 3 6 
2 59 4 27 126 7 23 
7 17 2 2 22 3 12 
60 69 52 10 90 3 6 
9 17 5 10 10 3 1 
8 2 2 212 258 370 147 
8 1 52 3 2 1 1 
4 7 10 4 5 7 1 
2 1 285 3 2 1 5 
247 39 134 82 104 35 17 
2 52 220 26 372 24 35 
4 7 10 4 42 7 267 
9 25 2 10 22 304 6 
2 36 5 62 23 67 6 
27 22 22 376 43 86 31 
9 2 4 62 4 59 6 
24 30 286 2 89 402 6 
2 257 4 243 2 48 35 
33 38 30 82 188 47 41 
114 110 30 79 188 164 79 
33 39 65 79 104 403 41 
8 1 1 3 11 1 1 
181 17 52 10 11 3 6 
7 2 5 2 58 3 6 
24 30 5 72 2 5 39 
7 21 5 2 2 1 5 
