2 4 1 511 19 1 5 
7 17 2 15 23 3 1 
9 2 4 510 4 5 12 
9 2 2 2 568 5 6 
4 7 10 4 42 267 1 
166 2 1 10 127 3 1 
9 22 173 146 11 3 6 
2 1 12 3 676 1 5 
18 33 22 104 116 86 16 
64 22 203 516 134 103 16 
204 177 88 269 327 129 399 
86 86 88 518 675 130 76 
33 297 253 338 424 394 250 
64 84 388 100 134 519 16 
4 7 41 4 42 537 1 
47 4 2 2 6 3 5 
2 7 10 4 42 25 1 
10 119 50 126 171 126 112 
22 2 4 28 363 3 35 
9 114 5 10 13 3 3 
73 1 12 3 2 1 5 
64 22 5 100 134 94 16 
64 22 77 98 134 198 16 
48 7 10 4 1 538 1 
22 15 4 64 74 25 5 
18 22 208 18 345 86 47 
2 365 2 3 2 1 5 
1 94 6 4 672 3 3 
1 6 404 176 40 180 3 
1 1 3 27 2 9 3 
