69 74 61 2 97 89 48 
9 2 4 62 4 5 1 
2 1 1 3 75 1 5 
9 2 4 62 2 1 6 
2 1 1 3 2 7 3 
8 2 5 62 11 5 1 
4 7 10 4 1 5 1 
9 2 4 62 4 9 6 
1 2 3 4 5 1 6 
7 1 2 2 23 5 6 
7 78 42 4 106 12 8 
2 1 30 3 23 1 5 
8 17 2 2 11 12 6 
24 84 2 2 89 120 6 
55 172 21 49 125 83 5 
2 84 27 68 2 3 5 
7 4 2 69 11 3 46 
2 1 12 3 11 1 5 
2 21 5 37 60 1 3 
4 8 10 4 42 7 1 
4 9 10 4 1 7 6 
7 17 2 15 7 1 12 
2 2 4 62 2 1 6 
2 4 1 4 1 7 5 
9 28 4 62 23 3 6 
1 2 4 62 12 28 6 
14 4 5 2 2 1 5 
1 4 2 20 6 3 17 
1 3 6 4 2 3 3 
1 4 1 68 11 66 8 
