33 39 122 79 209 43 17 
53 39 44 156 118 35 17 
33 39 44 157 104 43 36 
33 39 123 82 104 35 36 
33 39 30 82 104 47 17 
33 39 30 82 104 43 36 
33 39 124 78 104 43 17 
33 39 30 82 104 35 17 
33 153 30 82 104 35 17 
53 39 44 158 118 35 36 
32 39 44 82 104 43 36 
53 38 44 81 118 85 36 
33 39 30 140 113 43 41 
33 39 30 82 104 64 41 
103 110 30 159 210 164 79 
33 39 122 82 104 43 41 
33 39 30 140 104 43 41 
33 39 30 78 104 43 17 
33 38 125 82 118 43 17 
33 39 30 79 118 117 17 
83 84 5 10 11 3 46 
2 35 2 37 2 3 5 
8 10 2 2 89 12 6 
9 30 2 2 89 137 6 
24 30 5 2 22 3 6 
7 4 2 2 11 3 5 
1 2 42 4 98 165 34 
7 17 2 15 86 3 1 
7 28 4 28 17 34 77 
10 2 107 137 120 76 1 
