33 39 30 240 104 35 17 
2 1 4 28 58 672 58 
1 4 1 2 6 3 17 
1 6 286 4 261 7 3 
33 176 30 82 189 43 325 
33 39 30 79 188 206 17 
1 3 6 4 167 3 1 
2 4 2 68 11 58 6 
147 88 144 659 326 245 173 
9 4 5 62 2 5 6 
9 4 5 4 2 1 5 
7 396 5 62 4 61 44 
2 21 5 3 60 1 5 
37 28 4 28 127 25 23 
8 2 2 212 10 3 147 
33 110 30 82 188 47 17 
114 429 103 140 188 368 79 
114 644 103 140 188 43 79 
33 39 30 82 247 47 17 
459 39 30 720 104 47 17 
2 1 5 3 23 1 5 
2 1 1 3 2 383 5 
1 3 6 4 873 3 3 
2 114 1 243 2 48 5 
2 642 1 243 2 48 5 
2 10 2 4 872 3 6 
2 15 77 3 154 51 35 
2 61 4 64 332 1 23 
2 7 10 4 1 674 1 
33 39 30 557 104 44 36 
