33 39 30 82 113 211 17 
33 39 30 82 251 43 17 
33 39 30 82 4 47 17 
32 38 30 82 104 43 17 
33 39 30 82 104 47 139 
132 39 30 79 104 43 41 
45 180 30 79 104 64 17 
33 39 30 79 104 206 17 
33 39 30 203 113 47 17 
33 39 65 82 104 77 17 
53 39 30 82 118 35 36 
33 38 44 82 112 43 132 
103 110 103 140 104 172 79 
123 167 158 204 233 212 123 
33 38 30 161 104 35 17 
121 88 159 205 252 43 137 
81 155 30 163 231 213 93 
33 39 30 140 253 43 41 
103 110 103 140 104 164 79 
33 42 66 82 104 214 17 
103 110 30 79 188 215 79 
81 181 147 168 234 216 98 
123 182 160 206 233 217 138 
33 39 30 82 104 164 17 
33 38 30 82 189 171 141 
33 39 65 82 104 47 17 
33 39 30 82 163 56 17 
33 39 30 82 255 47 17 
103 110 30 140 188 47 120 
33 183 30 82 104 44 17 
