33 39 30 79 163 206 17 
64 21 5 2 60 1 5 
166 17 5 10 11 3 1 
2 84 5 2 2 1 5 
2 2 45 3 340 1 5 
2 1 52 3 90 100 5 
7 4 12 2 11 3 5 
33 66 30 192 447 44 17 
33 39 30 387 104 56 17 
7 17 2 15 2 3 12 
22 354 4 62 490 99 35 
7 17 5 10 11 412 6 
37 365 21 64 352 24 23 
188 313 294 2 153 5 6 
9 25 2 10 491 3 6 
7 1 2 83 2 3 5 
1 4 2 372 6 3 17 
1 4 2 2 6 3 282 
2 1 5 2 11 1 6 
7 1 2 83 6 3 6 
2 374 1 2 7 1 5 
1 2 3 4 466 9 3 
1 2 3 4 468 9 3 
33 66 134 240 104 35 17 
2 1 12 407 2 1 5 
8 17 1 2 460 59 6 
2 17 5 3 225 1 5 
62 4 1 2 2 1 5 
60 69 16 10 11 3 6 
2 4 4 64 463 25 1 
