248 39 30 82 104 56 17 
7 1 5 17 11 11 6 
7 17 5 15 23 3 12 
9 2 4 4 4 5 6 
9 115 57 26 127 29 35 
1 334 6 4 3 3 3 
1 2 3 4 457 9 3 
1 172 269 62 458 377 1 
64 22 85 363 134 101 16 
18 22 30 345 134 378 47 
22 335 4 64 74 25 23 
2 59 84 105 126 25 57 
27 2 22 104 1 86 16 
18 22 270 100 134 160 16 
250 70 22 18 134 106 5 
2 4 21 2 6 3 17 
60 69 2 10 11 3 6 
2 1 12 27 10 25 5 
33 39 65 79 104 77 17 
7 71 5 62 13 379 26 
1 313 3 4 5 9 3 
2 1 1 3 140 3 272 
9 2 4 62 4 1 17 
1 1 2 2 225 3 272 
4 7 10 4 1 380 1 
1 2 3 2 5 9 3 
1 1 2 2 140 3 17 
2 1 1 3 2 7 5 
7 2 5 2 10 9 6 
3 2 5 2 6 11 6 
