33 39 402 546 540 206 17 
33 61 4 38 517 59 35 
43 10 2 285 19 3 6 
47 2 5 321 11 48 51 
50 153 240 82 118 43 36 
62 4 5 385 2 1 5 
67 55 5 10 500 453 8 
67 55 5 283 11 68 8 
67 61 5 385 11 68 8 
172 112 5 62 11 413 6 
185 2 298 62 4 5 335 
185 7 4 99 4 47 6 
185 17 5 10 350 3 3 
196 17 30 207 113 47 335 
196 38 30 207 104 43 17 
196 39 30 375 104 47 17 
196 39 46 375 104 47 17 
196 39 46 417 113 44 79 
196 39 371 82 540 43 17 
196 39 402 417 104 365 17 
196 429 30 375 113 508 338 
249 4 5 385 2 298 386 
292 66 30 82 113 206 341 
309 39 65 82 113 43 17 
6 4 450 2 2 1 5 
22 15 4 64 736 25 23 
9 52 57 15 74 579 23 
2 4 2 25 11 376 5 
16 2 16 62 3 47 8 
22 39 30 115 113 43 17 
