84 33 22 49 43 9 31 
37 253 75 48 392 25 3 
205 33 22 49 43 9 87 
10 33 22 49 74 9 31 
37 253 75 48 74 25 90 
205 33 22 49 74 9 90 
98 122 98 125 74 150 113 
35 2 9 51 8 46 21 
208 33 22 49 43 82 31 
84 141 29 144 74 161 87 
184 7 10 4 1 7 1 
33 39 30 82 104 173 68 
32 176 30 82 113 43 17 
2 17 2 10 23 68 5 
33 4 1 2 7 1 5 
2 4 1 93 258 3 6 
33 39 30 82 2 56 17 
82 38 30 82 118 35 36 
2 1 30 82 118 1 17 
33 42 65 82 104 35 211 
33 39 30 82 113 302 17 
33 39 30 79 104 35 74 
33 39 30 116 104 43 17 
33 39 1 2 7 1 17 
1 7 10 4 2 9 1 
33 39 21 79 2 123 17 
112 22 22 108 122 113 16 
4 1 1 4 1 7 1 
33 39 4 48 104 34 38 
33 39 4 79 6 3 17 
