7 933 5 62 11 67 1 
2 1 12 3 1352 1 5 
9 2 789 10 86 5 5 
2 17 2 3 2 1 850 
7 78 42 1037 106 12 8 
3 1 5 10 11 68 851 
9 25 2 10 22 1020 6 
37 61 12 64 1354 24 23 
7 78 42 4 106 12 852 
616 4 5 2 2 282 5 
7 934 355 2 11 3 6 
62 4 5 2 6 732 5 
2 61 4 64 11 12 23 
2 28 29 28 74 700 35 
2 61 4 64 470 3 23 
22 15 4 3 154 25 5 
2 28 27 28 11 25 125 
7 415 2 452 11 3 6 
19 2 3 4 5 9 3 
43 4 2 2 6 3 17 
2 4 2 4 19 1 5 
9 2 4 62 1355 5 6 
2 1 790 3 2 1 5 
8 2 2 1036 153 253 147 
4 7 10 249 1 7 1 
8 17 5 2 10 59 849 
2 1 5 3 1353 1 5 
1 935 2 2 6 3 17 
64 235 164 100 116 114 6 
