64 105 20 287 94 103 16 
27 255 77 18 25 160 16 
4 7 10 4 1 7 209 
2 1 4 28 58 3 6 
4 7 10 4 1 30 1 
4 7 10 4 1 7 4 
64 105 85 77 94 103 16 
37 4 4 48 186 25 57 
24 2 213 72 22 3 210 
4 7 40 4 42 299 25 
4 7 10 4 42 7 12 
4 7 10 4 42 20 1 
2 1 12 3 2 4 5 
2 3 12 3 2 1 1 
2 2 1 1 2 1 5 
2 4 1 2 7 1 1 
2 1 5 3 2 7 1 
2 2 4 6 2 1 5 
2 1 5 9 2 1 5 
9 1 5 3 2 1 5 
1 3 6 4 3 7 3 
2 1 12 3 2 5 5 
3 7 10 1 1 7 1 
2 1 5 3 2 1 17 
7 2 4 4 4 5 6 
7 2 4 10 1 3 5 
2 4 5 2 7 1 12 
9 2 4 3 4 5 6 
7 2 5 2 10 3 5 
9 10 4 3 2 1 6 
