8 2 12 53 11 3 1 
47 55 5 10 2 68 8 
55 2 2 2 10 3 1 
33 39 103 79 113 43 17 
81 39 147 113 404 362 160 
121 209 185 217 635 241 336 
86 230 88 198 536 316 156 
335 593 506 218 787 744 619 
33 39 30 748 113 43 17 
37 52 16 28 74 29 23 
340 39 30 79 113 47 17 
340 39 30 82 113 47 41 
4 7 10 4 1 7 594 
14 679 2 10 86 3 6 
55 52 57 26 470 29 23 
172 2 2 2 11 5 6 
4 680 10 4 42 51 1 
7 17 594 15 23 3 12 
340 39 30 79 113 47 36 
9 17 12 10 11 3 3 
8 693 292 64 126 25 421 
2 17 12 3 11 1 6 
24 2 52 2 10 1 1 
7 1 12 3 2 1 6 
4 4 40 4 1 42 51 
83 84 5 10 46 89 3 
22 7 4 28 35 141 25 
27 93 72 104 126 124 381 
64 22 77 143 16 134 153 
33 176 30 79 17 619 47 
