7 17 2 15 74 3 12 
62 4 5 298 2 1 5 
38 33 22 288 122 17 5 
1 4 2 3 2 3 234 
4 7 40 4 42 3 1 
7 17 5 62 1 67 6 
8 59 4 2 17 25 35 
7 17 5 62 89 67 6 
33 10 2 10 1 12 6 
2 75 4 3 141 34 1 
67 2 5 2 10 3 6 
22 61 4 64 74 25 6 
9 1 5 62 4 5 12 
4 7 2 4 10 7 7 
2 1 5 3 10 1 5 
2 15 4 38 154 12 6 
2 191 5 38 141 282 35 
8 10 2 2 10 12 6 
33 7 10 4 42 51 1 
149 2 5 289 2 1 5 
2 7 10 4 1 1 1 
8 10 10 2 11 12 6 
1 2 42 4 11 9 8 
1 4 2 3 6 3 42 
2 1 1 3 393 1 5 
2 1 2 4 2 3 5 
4 7 10 3 2 7 1 
2 17 2 3 2 7 5 
2 2 107 4 120 76 1 
2 4 2 4 19 1 8 
