2 2 10 4 2 7 1 
2 1 6 3 4 1 1 
7 7 2 2 11 12 6 
7 7 2 2 10 3 6 
9 2 2 2 1 3 1 
2 2 10 4 7 71 1 
1 28 4 28 11 34 12 
4 53 2 10 10 3 3 
4 10 2 2 13 12 6 
4 10 2 2 10 12 6 
4 4 5 2 22 12 6 
9 9 2 10 10 3 6 
4 4 52 10 1 3 6 
4 4 10 4 2 7 1 
4 7 73 3 1 6 6 
9 7 5 4 42 7 1 
1 2 4 62 4 5 6 
9 4 1 2 7 1 5 
4 4 1 2 7 1 5 
8 4 4 96 103 34 1 
9 21 2 2 89 59 6 
7 1 1 9 7 1 5 
1 17 2 15 23 3 12 
4 1 1 3 7 1 5 
9 28 4 28 17 34 12 
57 28 1 28 17 34 12 
4 2 4 28 4 5 6 
8 1 1 62 7 1 5 
4 4 1 3 7 1 5 
9 7 10 2 1 7 1 
