7 455 5 2 11 1 5 
9 455 5 10 11 3 3 
37 490 292 26 23 29 412 
8 490 4 668 127 24 19 
33 176 30 115 1033 43 17 
9 2 4 62 1034 5 6 
9 736 4 62 4 5 6 
64 89 77 98 122 103 16 
64 19 312 351 144 101 16 
64 22 68 104 122 103 16 
64 22 112 100 134 160 16 
18 89 20 98 122 86 16 
64 22 212 189 134 301 16 
64 22 310 825 134 101 16 
18 235 164 100 138 114 6 
64 22 22 98 652 270 60 
64 33 20 181 122 355 16 
64 22 203 351 514 54 16 
64 22 203 100 134 160 60 
18 33 22 98 138 17 16 
216 670 72 100 134 103 394 
18 33 72 325 116 86 6 
64 735 78 230 138 17 16 
18 33 77 143 122 233 16 
64 33 78 345 138 17 16 
102 22 102 100 134 103 16 
64 105 203 824 134 94 16 
18 89 77 98 122 378 16 
109 22 20 100 134 804 16 
18 89 71 98 122 7 16 
