2 1 12 3 676 1 6 
7 1 5 2 4 3 6 
24 2 2 2 67 3 6 
24 2 2 2 10 3 2 
24 17 12 2 2 1 1 
9 114 5 10 151 3 3 
4 7 10 4 151 7 1 
7 17 2 2 2 3 1 
7 17 2 2 23 3 1 
7 17 2 2 151 3 1 
33 2 30 79 153 253 147 
387 94 6 4 3 3 3 
1 2 3 4 5 9 458 
7 2 5 2 10 578 6 
7 17 2 599 23 3 12 
37 61 80 64 470 25 23 
33 176 30 82 459 43 17 
7 348 292 82 485 253 23 
7 348 30 82 104 253 139 
7 348 292 26 485 253 23 
24 526 2 82 113 3 1 
7 114 16 82 104 3 6 
24 526 2 82 104 3 1 
24 526 2 82 459 3 1 
8 2 27 306 188 545 6 
7 114 12 2 2 169 6 
9 61 29 28 351 3 35 
8 2 2 82 153 253 147 
103 114 16 82 11 3 6 
8 2 2 140 153 253 147 
