166 2 1 10 151 3 1 
28 34 27 33 223 61 33 
24 2 5 411 2 5 6 
103 2 5 2 156 3 6 
64 89 319 100 94 103 16 
2 378 27 2 11 3 5 
8 17 5 3 10 59 6 
7 17 5 68 11 3 6 
9 17 2 2 86 3 309 
2 4 27 122 11 1 5 
64 22 20 189 134 301 16 
64 22 149 2 134 12 6 
64 22 85 189 134 101 16 
276 70 78 18 205 86 16 
277 22 310 100 134 54 16 
18 70 164 18 115 86 47 
2 28 4 38 141 25 23 
1 2 73 48 40 97 172 
32 39 30 82 118 44 36 
33 39 30 412 104 43 17 
8 2 283 53 11 3 1 
37 7 10 4 1 7 1 
81 39 30 82 104 47 36 
81 66 30 192 189 44 17 
2 1 1 3 2 1 266 
33 39 30 100 104 47 139 
4 326 40 4 42 7 1 
278 39 134 240 104 47 17 
33 39 30 82 481 43 17 
160 84 2 10 4 3 5 
