33 38 134 82 104 44 17 
138 68 575 226 850 208 161 
138 68 554 852 850 248 161 
33 39 30 82 113 770 41 
147 492 646 852 1083 832 689 
7 2 5 10 2 3 26 
147 215 159 215 820 245 367 
210 760 554 707 854 330 121 
33 39 30 172 189 43 41 
7 17 2 10 23 3 12 
2 2 5 2 2 3 6 
454 446 126 205 1002 650 646 
33 39 30 115 113 35 17 
478 215 172 239 1084 245 573 
554 761 647 215 1082 836 92 
2 25 5 2 295 3 5 
555 211 575 855 1086 838 173 
7 2 218 2 2 1 6 
556 759 530 853 317 835 173 
557 88 546 367 840 833 688 
558 2 29 851 1088 834 692 
559 762 648 856 1089 839 693 
33 39 30 140 211 85 17 
7 2 5 15 2 3 6 
103 110 103 140 104 164 41 
559 763 648 856 1089 839 693 
2 1 4 28 58 29 5 
33 39 30 82 253 43 74 
2 10 2 4 74 3 6 
33 39 157 82 211 85 17 
