33 783 30 79 104 283 17 
33 39 103 82 113 43 41 
33 784 30 79 104 43 17 
33 39 30 408 104 64 17 
33 39 30 174 104 47 36 
33 491 30 79 113 43 17 
33 491 30 79 113 47 17 
2 21 27 2 11 3 5 
33 39 30 81 104 43 36 
103 39 30 79 113 43 17 
33 39 30 174 113 47 36 
33 39 66 82 211 43 17 
7 2 5 2 7 3 1 
8 39 30 82 113 43 41 
211 39 30 82 113 206 17 
33 38 30 81 113 43 17 
33 157 30 82 113 43 17 
33 39 30 82 211 206 17 
33 39 30 79 104 206 664 
112 22 583 108 175 86 16 
37 61 292 734 89 25 6 
4 680 10 4 42 7 1 
7 364 358 2 22 3 1 
552 61 645 28 11 1 35 
4 7 77 4 1 7 1 
67 2 5 2 156 3 6 
37 785 29 64 470 407 421 
2 17 5 3 11 3 6 
33 39 122 140 113 85 17 
7 2 12 2 2 3 6 
