37 253 29 48 126 25 3 
130 535 458 612 746 129 465 
394 538 454 601 729 582 462 
129 66 30 82 189 588 17 
394 537 454 601 729 582 463 
394 538 454 601 729 582 464 
393 536 454 62 734 583 104 
393 536 454 62 13 25 104 
394 538 454 601 730 582 462 
2 4 5 2 20 1 5 
33 3 6 4 3 3 3 
8 17 5 2 10 491 6 
7 2 5 2 10 3 7 
2 1 52 3 13 100 6 
8 2 52 212 89 253 147 
24 2 2 2 747 3 1 
394 538 454 601 729 582 463 
8 10 5 72 11 12 6 
9 2 5 2 13 3 1 
33 2 5 53 56 3 1 
58 21 42 71 11 3 3 
9 30 2 2 89 5 6 
395 7 10 4 1 7 1 
1 4 3 2 6 3 17 
1 6 216 4 749 7 3 
32 39 44 79 104 117 17 
33 153 30 82 104 394 36 
33 38 30 79 750 43 17 
2 28 4 613 17 25 35 
32 38 30 82 118 43 36 
