24 33 22 104 43 109 31 
9 2 4 62 6 5 17 
7 33 5 2 453 3 26 
4 7 10 4 1 9 1 
4 7 10 3 1 9 1 
2 1 1 10 2 1 6 
12 6 271 176 40 32 3 
18 22 78 98 138 381 16 
18 22 22 97 115 175 6 
94 7 90 125 174 147 100 
1 6 61 176 40 32 1 
84 106 29 28 74 99 35 
18 33 22 104 139 175 16 
27 33 22 49 43 82 273 
84 61 29 368 127 29 23 
7 84 2 25 11 59 6 
7 4 2 2 89 59 6 
1 3 6 4 89 3 3 
7 84 5 2 56 3 6 
8 10 5 2 11 49 6 
7 84 1 25 11 1 5 
33 39 30 82 248 35 17 
33 39 150 79 210 35 17 
33 39 65 79 104 47 17 
33 39 65 82 104 35 17 
33 39 30 186 104 43 17 
33 39 66 186 104 43 41 
33 39 65 186 104 35 17 
252 2 2 2 10 1 1 
33 38 150 82 104 43 41 
