2 52 29 48 127 700 23 
2 1 5 10 1127 1 5 
57 112 1 62 11 67 6 
22 28 4 762 363 7 35 
198 2 2 2 874 61 6 
1 1 3 2 793 226 5 
1 3 10 4 3 7 3 
2 1 1 3 2 1 707 
2 1 1 5 1121 1 5 
2 1 4 28 58 861 58 
2 1 29 28 1122 25 23 
2 2 5 10 119 178 26 
2 4 29 250 58 25 35 
2 7 4 48 10 25 57 
2 7 10 3 1 862 6 
2 15 4 28 126 25 23 
7 110 103 140 188 164 17 
2 15 84 459 126 25 57 
2 52 29 48 127 867 23 
2 52 29 459 127 99 23 
2 59 4 105 17 25 23 
2 61 4 64 156 7 23 
2 222 29 250 303 25 58 
2 788 2 3 2 3 5 
4 7 10 728 1 7 1 
33 38 30 82 104 543 36 
4 7 40 4 42 25 1 
4 7 667 2 1 7 1 
4 7 667 4 1 7 1 
4 789 10 4 1 7 1 
