33 39 30 174 104 47 17 
6 4 27 2 496 577 5 
6 4 5 2 20 1 5 
2 1 5 579 2 341 5 
172 1 449 595 2 395 5 
1 4 2 2 726 3 17 
1 2 42 596 11 9 8 
366 2 3 4 5 9 3 
33 66 30 82 189 295 17 
7 114 12 2 2 3 6 
33 176 30 10 10 3 6 
67 4 5 68 86 3 6 
9 2 6 4 11 3 6 
8 2 2 2 153 253 147 
33 38 30 174 727 43 17 
198 2 2 2 11 570 6 
1 524 2 2 6 3 17 
7 110 2 82 104 3 12 
32 39 30 82 113 3 17 
4 7 10 4 1 7 421 
8 364 292 54 126 34 421 
14 2 2 2 153 3 3 
33 2 5 173 11 3 6 
8 10 2 2 11 253 6 
33 39 423 82 113 47 17 
33 39 30 544 113 547 17 
24 526 2 2 10 3 1 
8 364 292 64 126 34 421 
384 110 30 140 188 164 79 
32 39 30 82 169 12 17 
