7 1 2 71 6 2 3 
7 2 4 28 17 34 12 
33 39 30 79 113 122 17 
7 2 12 2 10 3 6 
33 38 30 78 104 47 17 
7 17 5 53 11 3 1 
33 39 134 161 104 43 17 
33 39 30 115 104 35 17 
116 39 30 82 113 56 36 
2 1 2 3 5 3 5 
116 39 30 82 113 85 36 
33 39 30 174 104 225 36 
8 30 2 2 89 5 6 
397 110 103 140 104 169 79 
33 39 30 115 189 56 17 
1 24 3 4 5 9 3 
33 39 128 82 113 43 36 
7 114 456 2 10 188 3 
2 6 1 3 2 1 6 
103 110 30 82 188 215 99 
499 4 1 4 19 62 5 
2 685 1 4 19 62 5 
2 682 1 3 2 1 5 
2 21 5 3 938 1 5 
8 2 27 213 11 3 5 
62 4 5 2 938 1 5 
499 1 1 5 2 1 5 
499 1 1 3 2 732 5 
496 2 2 2 10 3 1 
8 61 57 28 470 29 5 
