33 39 30 140 189 43 97 
8 1 307 3 11 1 1 
2 7 10 4 19 7 1 
8 2 5 10 11 37 1 
9 52 2 53 11 3 3 
24 2 2 2 10 3 3 
62 4 6 62 2 1 5 
62 4 5 62 2 1 5 
4 1 30 3 2 1 5 
31 4 1 2 7 1 5 
2 4 2 4 532 3 6 
2 71 12 62 11 67 6 
14 17 5 2 10 3 6 
24 30 1 2 89 3 6 
9 2 80 62 4 5 6 
47 55 5 10 11 47 8 
9 2 250 62 4 5 12 
7 28 4 28 17 3 12 
33 39 30 79 530 43 17 
292 66 30 82 113 206 17 
33 66 30 174 188 3 17 
2 15 29 48 127 99 23 
7 52 29 48 127 99 23 
2 1 57 28 58 29 58 
9 2 2 212 11 253 147 
64 33 326 181 122 17 16 
37 1 29 28 58 29 35 
33 153 122 82 113 44 17 
7 17 5 2 167 457 6 
103 110 103 350 188 368 265 
