23 4 1 2 6 3 5 
2 15 28 26 38 29 23 
1 4 2 2 6 3 6 
4 7 10 1 1 1 1 
2 4 1 2 7 1 6 
2 4 5 2 2 30 5 
4 7 10 4 1 1 1 
2 32 1 2 7 1 5 
1 6 7 2 7 32 3 
2 7 9 4 1 30 1 
10 31 7 2 39 31 3 
2 1 1 3 41 1 3 
1 4 2 3 6 3 19 
2 1 1 3 7 1 5 
7 1 1 3 42 1 5 
2 29 4 27 10 3 5 
4 1 1 3 4 1 5 
23 20 1 3 2 1 5 
2 7 10 4 1 7 5 
2 1 1 3 10 1 5 
2 22 21 3 2 34 5 
2 1 6 3 2 1 24 
24 30 2 2 11 3 6 
2 1 1 27 2 1 5 
27 33 22 31 43 9 1 
26 7 10 5 1 7 21 
1 6 29 29 40 32 3 
4 1 12 2 2 1 1 
8 1 21 3 2 1 5 
2 4 2 2 2 1 25 
