33 38 44 82 118 43 17 
53 38 30 82 104 394 17 
53 157 30 82 113 43 17 
33 39 30 82 719 394 17 
33 38 30 82 683 43 17 
33 38 30 82 718 43 17 
33 38 30 82 113 225 483 
33 38 30 82 395 35 484 
9 2 2 2 11 61 1 
9 10 5 2 22 3 6 
10 54 16 19 6 5 7 
32 39 30 82 113 47 17 
3 1 5 10 2 68 6 
7 216 5 2 86 232 1 
2 1 5 10 2 1 378 
275 84 5 10 19 178 26 
1 71 2 2 11 67 6 
33 38 337 82 265 43 17 
64 467 71 100 134 160 16 
64 22 310 255 134 204 16 
64 33 22 104 116 301 31 
18 70 78 97 115 86 47 
64 33 472 143 134 568 16 
2 22 2 3 2 1 5 
407 38 44 82 104 43 36 
4 7 10 632 42 51 1 
33 38 30 631 104 43 17 
58 38 473 82 104 44 36 
9 17 5 10 350 490 3 
8 10 79 2 11 11 6 
