430 39 30 79 113 206 17 
33 39 30 79 113 43 527 
24 600 389 10 23 3 12 
24 601 508 2 89 59 6 
2 1 1 3 2 1 528 
24 17 12 2 791 1 1 
8 10 2 2 11 59 6 
24 2 12 4 11 1 1 
24 2 288 2 22 405 6 
9 17 5 2 624 3 6 
7 84 5 10 56 3 6 
2 61 10 26 600 627 23 
2 4 509 2 7 1 5 
431 28 4 28 17 34 12 
2 17 5 672 11 1 5 
1 3 6 4 793 3 3 
2 1 5 2 59 1 5 
33 39 6 3 7 1 1 
37 365 21 64 505 24 5 
2 1 2 3 2 59 5 
2 1 7 28 176 57 35 
24 30 2 2 23 3 1 
50 38 44 82 104 43 132 
2 17 2 3 2 1 6 
1 1 2 83 2 3 17 
24 17 12 2 2 3 25 
9 2 4 62 5 5 6 
24 2 2 3 1 7 6 
9 17 2 153 11 12 6 
2 1 1 3 119 3 5 
