64 22 68 100 134 593 518 
32 38 30 82 104 117 17 
64 584 77 100 138 101 16 
64 162 499 100 194 101 60 
33 38 30 115 104 85 68 
33 38 30 192 104 35 17 
33 39 30 82 104 225 17 
33 153 30 82 104 47 17 
33 153 30 82 719 43 17 
33 178 30 82 104 44 36 
33 203 30 78 104 43 17 
33 203 30 82 104 43 17 
33 260 30 79 104 65 36 
58 39 30 82 113 43 17 
121 492 451 659 317 208 485 
334 552 30 241 598 600 471 
121 553 452 602 738 240 183 
121 39 453 660 758 584 470 
33 39 30 115 112 225 17 
53 39 30 82 113 47 132 
8 28 2 26 600 29 23 
24 2 2 2 10 57 1 
33 110 30 79 188 47 41 
33 110 30 79 459 47 41 
130 86 88 198 325 209 76 
152 39 30 82 113 43 17 
2 587 52 3 11 100 5 
76 105 284 104 205 285 31 
86 86 393 124 166 130 240 
22 2 4 64 777 3 35 
