9 2 5 212 495 253 147 
8 10 2 2 1080 12 6 
2 1 2 3 140 1 5 
7 17 5 2 89 59 6 
8 2 5 2 2 59 6 
9 114 2 10 13 3 3 
16 2 2 212 309 253 147 
9 53 2 10 10 3 3 
2 4 5 93 11 1 6 
1 6 22 24 2 28 1 
2 2 2 3 5 1 5 
33 153 44 82 104 35 17 
32 38 44 82 104 35 68 
79 1 1 3 140 3 5 
53 39 30 82 113 35 36 
33 153 134 161 104 43 17 
1 1 1 2 225 3 17 
7 17 5 10 13 1 6 
33 39 30 850 113 547 17 
2 1 22 3 2 1 6 
9 2 4 4 4 5 17 
55 172 21 49 10 25 51 
77 55 5 10 798 256 26 
33 176 30 82 1081 43 17 
9 17 5 10 11 3 26 
1 2 42 4 90 9 3 
9 53 2 15 11 3 3 
18 7 212 18 122 103 16 
7 172 5 49 11 224 6 
2 21 1 3 2 3 5 
