4 296 40 4 42 51 1 
8 61 4 64 141 60 23 
8 15 4 64 74 25 23 
32 39 30 115 113 85 17 
22 28 4 399 600 99 35 
53 39 44 174 104 44 36 
33 39 30 82 118 171 17 
33 424 30 82 113 43 17 
32 153 30 82 104 43 17 
33 153 30 173 104 35 68 
32 160 44 82 118 43 36 
33 38 30 173 104 85 68 
33 153 30 82 113 44 17 
33 39 30 78 118 43 17 
32 38 30 82 104 43 42 
32 39 30 81 118 44 36 
33 39 65 82 113 43 17 
10 39 356 82 113 43 17 
2 21 5 3 2 12 5 
2 257 80 243 11 25 212 
62 2 3 4 5 9 3 
33 39 30 467 104 43 17 
33 426 30 82 104 43 17 
33 39 103 79 113 43 41 
2 1 21 3 119 1 5 
2 4 5 2 11 201 6 
33 38 30 82 118 1 17 
53 39 30 79 152 43 17 
2 1 5 400 11 1 5 
38 33 22 288 122 17 243 
