576 39 30 79 112 43 17 
22 28 4 28 11 3 35 
33 38 134 78 104 43 17 
2 1 5 3 11 1 26 
22 335 4 129 74 25 599 
2 4 4 4 19 3 6 
547 39 30 79 112 43 17 
103 110 30 140 210 168 79 
103 110 30 140 188 813 79 
1 6 60 913 12 28 1 
10 27 16 19 10 890 7 
33 38 30 82 104 173 36 
8 364 4 471 74 25 124 
33 39 134 82 113 43 17 
33 153 30 82 152 35 36 
33 39 30 167 104 35 17 
33 39 30 174 113 117 17 
33 153 30 81 104 43 17 
116 39 30 82 113 35 36 
33 176 134 82 113 43 17 
2 2 4 62 4 5 5 
33 38 30 82 104 225 68 
2 4 5 25 1186 203 5 
7 17 95 2 10 3 6 
33 39 30 140 188 47 17 
1 1 1 83 2 3 6 
8 10 5 2 11 564 6 
32 39 30 301 104 43 17 
33 39 30 82 113 56 41 
4 7 30 82 42 7 1 
