216 670 72 100 134 103 16 
2 1 12 3 2 1 8 
18 93 22 24 586 86 6 
1 94 6 4 3 3 694 
7 2 5 10 156 3 6 
33 39 30 82 113 35 135 
124 39 30 79 113 43 17 
33 284 30 79 113 47 17 
33 39 30 174 104 43 36 
7 222 5 2 11 67 6 
33 38 30 79 104 85 68 
33 153 30 174 118 43 36 
33 110 103 140 596 164 79 
66 38 30 82 104 43 36 
7 17 5 860 294 395 12 
33 38 30 79 104 628 17 
7 39 30 140 113 43 41 
2 1 10 28 58 25 58 
33 39 103 140 104 43 41 
247 39 134 82 210 35 17 
103 110 30 140 104 164 74 
7 2 79 2 11 3 6 
33 39 44 82 118 43 36 
8 17 2 72 11 58 6 
24 17 5 2 10 3 1 
7 2 5 2 7 3 6 
33 110 30 140 104 43 79 
7 2 5 72 2 383 695 
33 39 30 861 104 44 17 
7 2 5 2 22 3 6 
