113 177 88 271 598 129 95 
4 39 30 82 113 43 41 
33 110 30 140 113 43 41 
121 769 170 702 400 845 696 
86 773 86 518 1100 209 636 
86 177 88 865 327 522 76 
564 774 656 198 598 126 76 
454 337 568 742 284 663 577 
121 492 451 659 317 649 485 
7 17 27 2 13 3 6 
204 230 191 308 661 316 230 
121 775 530 867 1101 793 700 
2 141 29 28 898 24 35 
565 91 657 868 1102 848 181 
331 776 615 869 1103 129 95 
566 777 658 367 598 849 701 
279 86 607 315 402 126 95 
121 778 553 870 1104 208 702 
2 21 5 2 59 1 418 
397 110 103 140 104 164 79 
121 238 185 217 635 850 336 
7 17 2 24 10 3 6 
86 116 88 871 266 503 156 
322 598 87 276 1105 209 156 
121 633 175 219 829 851 703 
86 445 415 276 598 126 230 
217 492 659 872 1106 241 192 
367 433 523 704 707 642 173 
567 337 660 873 834 852 704 
103 110 103 140 104 3 79 
