1 2 2 3 5 1 3 
103 406 103 140 459 164 79 
103 110 30 140 188 99 17 
22 15 4 64 777 3 35 
103 110 103 140 210 43 79 
166 1 1 10 151 3 1 
2 2 2 10 22 3 6 
32 39 30 544 112 43 17 
9 17 5 10 23 3 3 
8 2 2 212 2 253 147 
9 10 2 37 11 12 6 
2 10 292 26 127 25 541 
33 38 30 78 113 35 36 
22 490 292 10 694 29 412 
8 364 2 2 11 12 6 
53 39 134 82 104 43 68 
363 17 292 48 694 24 541 
32 38 30 78 104 47 17 
33 284 30 79 113 35 17 
2 28 4 762 463 99 35 
33 39 30 82 104 29 17 
37 476 4 28 682 3 23 
8 3 2 2 11 12 6 
2 15 4 3 154 12 35 
2 28 12 405 527 25 40 
8 2 5 2 2 3 6 
33 153 30 82 113 35 36 
33 39 44 82 113 47 36 
32 39 30 174 113 35 17 
8 110 30 140 188 7 79 
