130 598 88 911 164 209 156 
103 195 767 140 188 164 79 
4 7 10 1013 1 7 1 
33 39 30 82 1300 47 17 
584 802 186 900 1156 330 361 
33 181 30 82 113 44 36 
33 39 30 1031 104 47 17 
8 2 5 53 1340 3 1 
2 1 781 3 2 1 5 
33 39 1 79 104 35 17 
2 1 12 3 350 1 5 
8 17 2 2 11 37 6 
19 24 23 20 26 16 845 
32 39 30 78 104 173 17 
1 4 2 1029 6 3 17 
33 153 30 82 1333 43 36 
53 39 30 82 113 117 68 
33 915 30 82 104 43 17 
33 38 1 82 104 43 17 
130 86 174 1014 165 244 230 
78 208 682 954 279 245 189 
626 926 776 906 1158 574 361 
33 38 30 82 113 43 132 
33 38 150 82 104 47 17 
53 39 30 79 113 44 17 
33 153 30 82 1333 43 17 
33 153 44 82 104 35 36 
33 38 30 79 104 44 36 
33 39 30 1019 104 43 36 
33 38 30 79 189 43 17 
