73 4 2 2 19 3 6 
2 76 2 3 2 62 5 
8 1 1 3 2 1 1 
1 2 3 27 5 9 3 
10 27 16 19 10 22 7 
24 21 2 2 89 59 6 
8 2 5 53 11 3 1 
10 81 50 87 3 76 52 
24 2 5 72 2 5 39 
6 4 56 2 2 1 5 
62 4 5 2 95 1 5 
2 1 5 58 11 50 6 
62 4 5 2 11 1 5 
73 21 2 10 86 3 6 
7 1 1 3 2 1 5 
43 1 5 3 2 1 5 
2 3 6 4 2 3 5 
1 4 2 2 6 3 5 
2 32 2 2 6 1 6 
1 4 2 4 6 9 17 
2 1 5 3 2 1 3 
1 4 1 2 6 3 6 
4 7 10 4 1 1 6 
14 35 27 4 11 12 5 
58 7 40 4 42 3 38 
2 1 5 3 2 1 1 
2 2 2 2 11 5 6 
1 4 2 2 6 3 42 
1 2 3 4 5 3 3 
4 7 40 4 2 7 1 
