7 84 5 2 11 68 5 
8 2 5 53 636 3 1 
2 15 4 64 11 7 23 
7 17 52 10 11 3 378 
2 4 2 146 6 3 6 
2 61 4 64 74 25 212 
7 4 5 2 637 1 5 
22 61 2 64 2 99 23 
338 30 2 2 89 59 3 
24 30 2 2 89 120 379 
2 432 4 64 638 25 23 
22 442 4 64 17 25 23 
9 22 2 3 86 3 6 
2 28 4 28 639 289 35 
7 17 5 2 640 3 6 
1 2 42 4 2 7 8 
7 2 2 2 11 5 6 
8 61 4 64 74 25 23 
6 4 5 2 641 282 5 
7 2 382 2 10 3 207 
2 1 12 3 642 1 5 
8 356 12 3 643 1 5 
7 2 52 10 11 3 6 
9 2 2 2 11 61 380 
7 112 2 10 11 67 6 
14 30 2 2 89 59 6 
33 42 30 82 189 35 17 
33 179 30 79 644 168 17 
33 155 30 163 231 220 93 
33 176 44 115 113 43 17 
