441 39 30 82 113 47 17 
33 110 30 82 113 631 17 
2 59 4 105 1061 822 23 
2 15 4 49 2 25 23 
2 17 643 3 2 1 5 
103 110 103 833 1056 815 74 
7 112 42 62 440 67 6 
103 110 103 833 113 3 79 
7 257 29 28 11 57 57 
24 30 5 2 153 3 6 
32 39 65 82 113 287 17 
32 38 30 82 118 44 17 
2 1 5 25 10 203 5 
53 153 44 82 104 44 36 
33 176 30 82 113 35 17 
9 490 292 26 153 29 412 
9 114 2 2 11 3 3 
2 4 5 25 1057 203 5 
8 250 292 48 470 99 329 
8 364 80 64 470 25 6 
8 61 80 64 470 99 6 
7 84 5 2 11 3 6 
544 538 638 601 730 816 464 
8 620 57 28 127 668 23 
37 490 2 26 23 24 412 
33 754 44 82 118 35 36 
7 17 52 2 22 3 1 
24 30 27 2 89 59 6 
33 153 30 82 104 824 36 
33 38 30 82 104 825 17 
