81 155 69 113 276 257 67 
142 86 174 241 272 129 151 
81 104 69 113 143 128 67 
33 203 30 82 104 56 17 
86 189 86 259 287 236 76 
130 86 87 124 160 129 73 
130 177 189 258 277 129 153 
137 86 191 198 274 236 95 
137 86 191 198 325 236 95 
138 166 144 262 230 191 67 
89 86 87 198 266 209 156 
33 39 122 82 189 43 17 
121 204 198 229 271 241 155 
86 228 88 221 246 278 76 
89 86 87 198 266 209 73 
10 1 16 19 10 5 7 
8 1 1 3 2 1 5 
9 21 12 10 86 3 6 
7 1 2 2 4 3 17 
9 2 4 62 4 5 12 
9 17 5 10 11 3 3 
1 53 3 4 5 9 3 
8 10 2 210 11 12 6 
7 17 2 15 22 3 12 
7 17 2 15 4 3 12 
7 17 52 10 11 3 6 
9 112 5 62 2 3 26 
2 1 1 3 140 1 5 
9 2 4 62 4 43 6 
2 21 14 37 60 1 5 
