64 33 22 100 122 17 16 
33 38 30 82 112 44 17 
1 2 42 4 819 40 3 
33 39 418 82 113 43 17 
9 17 1 10 350 1 5 
2 1 2 3 399 1 5 
2 4 1 2 7 34 5 
2 75 2 48 141 34 12 
8 2 2 10 153 253 147 
10 81 50 99 120 643 52 
2 61 4 64 126 3 23 
53 38 44 82 104 35 36 
442 488 159 215 820 245 367 
33 39 30 82 113 64 17 
2 10 2 4 17 3 6 
2 1 12 687 2 1 5 
7 17 524 15 23 3 12 
7 75 4 681 11 34 1 
2 231 4 28 90 3 1 
7 17 5 62 1 644 6 
124 39 30 82 821 47 74 
33 39 30 310 104 43 17 
2 10 2 4 19 20 6 
33 39 103 82 459 43 17 
2 616 5 3 2 1 5 
27 22 22 104 115 86 31 
33 39 30 391 210 47 17 
443 66 30 192 189 44 17 
103 110 103 140 188 164 17 
124 66 30 79 104 47 17 
