2 222 29 250 2 25 35 
2 2 29 250 2 25 35 
7 1 5 2 167 67 6 
2 4 1 2 7 309 5 
2 222 29 250 417 25 35 
55 21 2 71 11 37 6 
2 1 4 28 58 25 5 
22 7 4 28 141 25 23 
2 4 12 2 7 1 5 
2 1 5 88 2 11 5 
9 2 5 333 11 3 1 
224 38 44 82 118 85 36 
4 296 10 4 1 7 1 
33 39 30 79 19 62 5 
33 39 252 79 104 35 17 
226 39 30 82 189 43 68 
33 304 30 82 113 47 17 
225 39 30 79 189 44 74 
8 2 5 68 11 338 1 
1 302 3 4 5 9 3 
2 298 42 2 2 1 5 
4 299 10 4 1 7 1 
8 2 5 336 11 3 1 
7 17 250 15 23 3 12 
230 7 10 4 1 7 1 
2 1 251 3 2 1 5 
7 2 5 72 2 342 6 
7 17 2 337 23 3 12 
228 33 22 49 43 82 31 
9 2 42 4 11 9 253 
