33 176 30 82 113 47 17 
294 230 87 271 420 126 327 
33 39 333 82 113 43 17 
33 39 30 79 540 206 17 
53 39 44 82 113 35 36 
121 400 146 438 558 458 92 
2 10 2 2 19 3 6 
33 39 30 79 113 43 38 
84 106 7 28 136 1 35 
22 52 4 2 559 25 328 
4 377 10 4 1 459 1 
22 28 4 399 372 460 35 
2 15 4 28 20 34 35 
37 52 4 26 380 99 23 
7 17 5 2 10 461 6 
295 7 10 4 1 7 1 
37 187 4 28 19 24 23 
33 38 30 82 19 43 17 
2 115 57 26 127 3 35 
2 28 4 28 363 3 35 
7 28 4 28 363 3 35 
7 28 4 28 363 3 6 
7 17 27 10 89 3 6 
33 176 2 115 11 133 17 
2 39 37 82 104 43 68 
33 39 30 82 113 7 17 
7 112 42 62 135 67 6 
7 1 2 3 23 3 12 
33 39 30 82 113 374 43 
7 15 4 2 372 59 35 
