8 2 5 35 11 3 1 
55 23 5 62 11 25 6 
4 7 40 4 42 51 21 
4 7 10 28 1 7 1 
8 2 5 53 13 3 1 
2 15 4 38 154 34 35 
8 10 2 79 113 12 6 
2 1 1 3 19 1 5 
9 2 4 62 6 5 6 
298 38 30 82 104 43 17 
53 38 30 82 104 467 17 
33 38 30 81 104 71 36 
53 38 30 81 104 71 36 
37 52 4 131 2 29 23 
2 59 4 26 126 25 23 
37 3 4 48 186 25 23 
33 39 30 78 104 225 17 
33 38 30 82 189 47 36 
33 39 30 116 113 43 17 
33 38 30 78 395 43 17 
81 104 88 113 143 43 67 
32 39 30 81 104 44 132 
299 39 30 82 113 43 17 
33 38 30 82 563 43 17 
33 39 30 82 113 85 17 
33 38 30 82 104 468 17 
53 39 30 82 113 44 36 
2 4 5 93 11 203 5 
121 238 336 217 564 469 336 
33 39 46 82 113 43 17 
