136 86 88 124 266 238 95 
148 206 195 224 282 239 190 
128 207 172 239 275 243 154 
130 177 88 198 280 244 75 
140 208 168 225 279 240 189 
33 39 167 113 265 43 67 
152 39 30 82 113 47 17 
130 189 87 258 277 129 153 
128 210 199 227 324 208 183 
86 230 88 245 288 129 76 
130 86 88 245 323 131 76 
145 207 172 239 275 243 154 
7 53 2 10 11 3 17 
86 188 69 228 287 236 152 
135 188 69 228 276 43 152 
153 211 185 215 322 208 182 
154 212 144 216 286 208 179 
147 215 159 215 274 245 181 
130 177 174 198 318 246 156 
121 229 195 217 283 191 121 
141 86 87 124 160 129 73 
121 213 190 218 299 241 175 
33 39 30 82 113 214 38 
33 39 30 82 113 35 162 
128 215 170 220 284 208 180 
143 39 30 82 189 47 17 
121 214 196 219 285 249 176 
33 202 30 82 113 47 17 
33 39 30 240 104 117 17 
123 215 175 263 273 234 185 
