64 89 112 100 134 160 16 
2 1 2 10 2 3 5 
6 4 30 82 113 1 5 
33 39 30 82 113 35 84 
8 1 29 28 1032 3 35 
33 39 30 82 113 43 84 
33 737 44 82 189 44 17 
537 1 5 3 2 5 5 
538 45 2 4 6 3 17 
7 2 5 10 19 3 1 
4 7 593 4 42 7 1 
2 173 12 3 2 1 5 
7 71 5 10 11 739 6 
9 2 4 62 4 747 6 
539 17 5 2 2 3 26 
2 52 57 27 107 25 23 
14 2 2 10 86 3 6 
7 172 21 49 936 224 665 
8 1 5 826 2 3 5 
2 1 12 772 2 1 5 
104 7 10 4 909 7 1 
10 738 105 62 120 76 1 
4 7 10 4 953 7 1 
1 4 2 71 6 3 17 
2 739 5 3 2 1 5 
17 7 10 4 1 7 1 
2 312 1 3 2 1 5 
224 38 44 82 113 85 36 
33 38 44 82 104 85 36 
7 77 5 2 119 3 6 
