33 153 134 82 113 43 36 
33 39 30 82 189 43 579 
292 66 30 82 113 85 17 
2 309 5 3 2 1 5 
10 81 50 99 120 709 52 
2 1 570 3 492 1 5 
22 364 80 388 470 700 533 
7 75 4 48 11 34 1 
2 4 1 4 19 3 333 
8 2 2 212 153 1 333 
2 17 2 49 2 3 5 
7 1 2 83 2 1 6 
2 17 2 3 2 3 301 
14 21 2 10 86 1 6 
2 4 12 3 2 253 5 
1 3 6 4 3 1 3 
9 78 42 4 11 12 8 
2 1 4 28 58 25 87 
2 1 52 10 11 1 5 
7 669 5 2 11 1 5 
7 17 571 2 89 710 6 
2 17 5 10 482 3 6 
33 39 30 442 113 47 17 
2 1 1 526 2 343 5 
19 24 23 20 26 533 15 
349 1 1 3 2 1 3 
33 39 30 2 104 56 17 
2 1 21 3 2 100 5 
2 309 456 2 7 1 5 
2 1 1 462 2 1 5 
