431 1 12 3 912 1 5 
33 38 134 240 113 35 17 
2 1 1 3 2 255 5 
33 39 30 140 104 47 74 
2 2 1 3 5 9 3 
2 1 2 2 225 3 17 
9 2 4 62 4 133 70 
24 2 2 2 78 3 1 
1 1 5 83 2 3 6 
1 2 59 3 5 5 3 
2 1 6 3 912 1 5 
2 17 5 2 78 59 6 
24 17 389 746 23 3 12 
33 153 30 79 104 44 17 
78 761 672 893 1138 873 715 
581 615 592 894 1141 875 415 
2 25 5 2 2 3 5 
33 39 30 161 104 35 17 
2 10 10 1 2 1 1 
33 153 30 161 104 44 17 
24 2 2 2 1134 3 1 
33 39 30 79 113 117 17 
33 39 30 82 104 85 36 
1 3 6 4 1135 3 3 
33 39 44 82 118 47 17 
6 4 5 2 2 1 17 
3 39 30 82 104 43 41 
53 39 44 82 104 44 36 
7 1 5 10 2 3 6 
580 778 673 896 1144 651 718 
