33 110 30 79 104 43 17 
86 275 189 271 213 280 156 
163 215 186 220 286 208 155 
148 215 186 220 299 250 182 
33 153 30 82 337 44 68 
2 17 2 3 2 312 5 
62 4 5 289 2 1 5 
2 1 27 3 2 1 5 
87 39 10 79 104 35 17 
7 84 5 10 11 61 26 
32 39 30 79 113 43 17 
33 39 30 79 383 47 17 
1 3 6 4 3 3 202 
9 2 4 62 4 25 6 
55 21 2 290 11 37 3 
114 110 30 291 188 164 79 
9 1 21 28 176 3 35 
2 1 12 3 2 296 5 
4 7 22 4 42 7 1 
33 2 2 2 10 3 1 
33 124 66 139 189 47 74 
7 55 2 10 11 68 26 
43 1 1 3 2 1 3 
33 39 30 79 113 228 17 
22 15 4 295 17 34 35 
37 52 57 26 1 29 23 
33 66 30 236 104 295 17 
9 17 52 10 10 7 1 
76 33 31 104 43 258 31 
121 167 160 233 233 252 227 
