33 39 30 115 104 44 17 
33 38 134 78 104 44 17 
7 17 358 2 188 3 1 
3 1 5 17 11 11 47 
2 331 1 3 2 1 5 
33 153 30 82 113 43 68 
2 17 5 3 23 59 6 
32 176 30 82 188 47 139 
591 2 42 4 2 25 8 
33 181 147 168 104 216 98 
4 2 3 3 5 9 3 
33 42 30 82 104 3 17 
1 4 2 2 6 304 17 
33 491 30 82 104 43 17 
33 39 30 82 498 44 17 
1 2 2 2 113 5 6 
33 39 30 82 113 683 17 
33 39 134 557 113 44 17 
103 39 30 82 113 43 41 
116 39 30 82 104 56 36 
7 2 358 2 11 3 1 
53 39 128 82 113 43 36 
103 110 30 140 153 3 325 
7 84 2 10 11 3 3 
45 39 128 82 113 117 17 
53 39 30 240 104 35 17 
33 39 30 82 104 47 731 
1 17 1 2 11 1 6 
24 21 1 2 2 59 6 
22 364 4 64 74 25 23 
