7 21 2 62 525 48 6 
2 61 29 28 526 34 23 
22 28 4 10 363 3 35 
2 28 4 406 90 34 35 
7 112 2 10 23 67 6 
2 17 2 3 13 1 5 
2 15 4 405 527 25 35 
32 153 30 82 104 207 36 
33 38 30 408 113 171 17 
47 55 5 10 2 48 8 
6 4 52 2 89 282 5 
18 89 22 109 122 258 16 
2 126 4 405 527 25 35 
2 126 4 28 141 433 35 
22 28 4 28 490 99 35 
33 176 30 82 104 43 41 
22 28 4 399 372 51 35 
22 28 4 28 528 3 35 
8 28 4 243 23 29 35 
2 364 2 4 19 3 6 
2 28 21 28 529 25 125 
33 1 6 3 11 1 1 
24 2 2 2 465 3 1 
7 227 5 72 518 3 1 
7 2 5 2 10 395 6 
2 1 1 410 2 1 5 
7 30 5 2 22 3 3 
2 4 1 4 7 1 5 
2 146 95 38 461 7 35 
7 2 5 2 462 3 6 
