33 66 30 192 113 44 17 
7 4 5 68 11 741 5 
2 1 21 765 2 1 5 
4 7 10 766 42 51 1 
2 27 1 3 2 1 5 
33 39 589 82 113 47 17 
10 27 16 19 10 5 605 
2 689 1 2 7 1 5 
7 84 1 767 11 3 6 
4 7 40 4 42 742 172 
4 7 10 4 141 7 1 
9 2 2 212 153 253 606 
7 2 5 64 2 3 1 
2 1 591 3 2 1 5 
64 22 77 97 122 301 16 
2 29 84 27 10 25 57 
37 61 292 26 948 3 541 
2 690 1 4 19 1 5 
505 4 5 2 11 1 5 
37 61 292 494 127 25 35 
363 490 292 48 127 24 541 
22 490 292 26 13 29 412 
8 364 80 470 470 29 6 
2 1 52 3 2 100 6 
33 39 30 375 113 77 17 
33 39 30 79 189 85 17 
33 39 65 79 113 47 17 
33 39 65 79 113 77 17 
33 39 65 82 104 56 41 
8 17 5 2 2 3 26 
