59 4 1 2 7 1 236 
1 2 3 4 5 9 69 
4 7 10 1 1 30 1 
24 25 2 10 23 3 6 
1 27 16 19 10 5 7 
64 33 22 401 122 427 16 
2 1 21 3 2 1 301 
27 2 22 104 133 86 16 
5 7 10 4 1 7 1 
8 2 5 68 11 55 1 
269 369 308 396 510 419 302 
18 70 22 100 205 86 6 
63 372 313 33 515 61 303 
7 1 2 83 2 418 6 
33 39 44 82 104 56 17 
33 38 30 82 118 35 36 
33 38 30 82 118 43 68 
33 38 30 173 104 35 17 
33 38 44 81 118 35 36 
32 160 44 82 118 35 36 
8 10 2 2 13 59 6 
24 258 2 3 84 7 6 
3 1 5 4 11 68 6 
2 20 12 3 63 1 5 
24 17 2 121 23 3 12 
7 17 5 2 516 3 6 
8 10 12 2 11 3 1 
24 17 12 195 2 3 1 
2 17 1 4 19 1 5 
1 373 314 4 2 40 3 
