9 2 4 62 120 5 6 
2 61 4 133 2 80 23 
9 2 4 62 2 5 6 
64 70 77 98 2 229 16 
2 61 4 133 89 80 23 
48 7 10 4 134 7 1 
8 17 5 2 134 59 6 
22 15 4 64 1 25 23 
1 3 6 4 43 3 3 
2 61 4 64 1 7 23 
4 7 10 4 2 51 1 
84 106 29 28 89 1 35 
4 7 10 4 127 7 1 
313 2 5 53 1 3 1 
313 2 5 53 23 3 1 
2 1 12 3 23 1 5 
22 61 4 64 42 25 23 
2 1 29 28 1 57 35 
4 7 10 4 154 7 1 
9 2 4 62 332 7 6 
2 1 1 3 332 76 5 
2 4 1 2 22 1 5 
2 4 1 4 22 1 5 
8 2 5 53 4 1 1 
4 296 10 4 2 1 1 
4 28 4 64 1 1 23 
2 29 4 27 332 282 57 
10 81 50 99 4 76 52 
2 4 349 2 2 1 5 
2 1 1 3 74 1 5 
