2 1 1 3 140 3 6 
8 10 2 2 956 863 711 
37 403 665 64 1132 29 40 
33 39 30 441 104 44 17 
7 2 1 342 156 3 6 
8 364 4 470 127 29 35 
7 114 16 2 2 3 6 
211 39 44 79 104 206 17 
7 2 5 2 156 3 26 
8 2 2 2 13 3 147 
37 23 263 496 127 1 6 
37 367 292 26 127 57 541 
2 317 1 2 7 1 5 
2 792 1 4 19 1 5 
32 39 30 79 112 43 17 
7 112 5 2 741 25 6 
7 17 1 2 10 3 6 
33 39 52 82 104 100 5 
24 2 2 2 10 12 1 
33 39 2 79 113 12 6 
33 39 2 82 104 12 6 
32 39 30 79 439 43 17 
33 39 30 82 1 44 17 
33 38 30 82 104 35 26 
4 39 30 79 113 7 1 
576 279 655 780 454 847 714 
7 4 52 890 11 1 5 
2 1 12 10 11 68 6 
18 22 229 160 43 109 60 
7 17 5 2 13 762 6 
