22 28 57 28 363 3 35 
91 1 5 10 974 11 6 
2 59 4 2 17 25 35 
7 17 5 2 23 3 6 
2 704 1 3 2 1 5 
14 21 2 10 975 3 6 
64 22 112 100 134 103 16 
518 33 78 104 43 109 31 
2 4 1 4 10 62 5 
519 21 5 3 2 1 5 
7 1 2 83 368 3 628 
2 28 4 38 141 34 35 
520 55 5 10 11 48 8 
124 39 30 79 976 47 17 
47 55 5 783 11 48 8 
91 2 42 4 169 769 8 
24 2 2 2 10 3 629 
1 4 2 784 6 3 17 
112 22 22 18 966 764 16 
112 2 599 108 134 86 16 
112 268 229 108 159 758 16 
112 268 229 108 965 86 16 
112 268 229 18 159 86 624 
17 2 9 5 8 763 21 
18 100 597 778 964 86 622 
18 100 598 779 138 766 625 
18 22 22 24 935 101 60 
18 22 22 24 961 101 60 
18 22 229 160 134 760 16 
18 22 78 18 960 761 16 
