7 53 2 3 11 3 3 
62 4 5 2 2 1 5 
7 28 4 28 17 34 12 
7 53 2 10 11 3 3 
1 2 1 4 5 9 3 
18 70 68 97 115 86 47 
2 4 1 3 2 1 5 
1 4 2 2 2 3 17 
65 7 40 4 42 51 1 
2 4 1 2 103 1 5 
7 15 5 62 67 3 6 
7 4 6 4 93 3 46 
4 7 10 4 42 51 1 
8 2 5 62 4 5 1 
69 74 61 6 97 89 48 
1 2 42 4 98 58 34 
1 2 42 4 90 25 8 
1 82 5 90 2 88 1 
4 7 10 4 1 79 1 
1 2 3 4 5 1 5 
10 31 63 91 101 9 49 
71 1 5 3 2 1 5 
2 55 1 2 7 1 5 
4 7 10 4 42 1 1 
7 2 1 2 10 3 6 
2 1 5 3 2 90 5 
2 76 2 3 2 1 5 
10 27 16 19 5 7 5 
1 4 27 25 11 3 5 
14 1 2 10 86 3 6 
