81 104 273 113 143 43 67 
81 104 274 113 143 43 67 
33 39 30 82 152 35 17 
33 39 30 78 152 35 17 
53 39 44 82 104 35 17 
33 39 44 82 104 44 68 
33 38 44 82 104 44 68 
33 39 30 78 104 35 68 
81 104 69 113 471 43 67 
2 2 5 2 59 1 5 
8 10 2 2 11 3 6 
7 17 12 2 10 3 5 
18 33 31 326 1 86 16 
4 7 10 4 1 7 21 
1 2 276 47 40 369 1 
1 33 22 49 43 82 31 
64 105 278 100 134 390 16 
18 33 78 18 139 175 16 
9 30 2 2 11 59 6 
35 43 281 5 8 46 1 
76 33 22 49 43 7 31 
200 6 61 176 40 180 3 
161 33 31 104 43 109 278 
18 2 78 97 115 175 47 
18 22 22 98 115 175 47 
2 106 4 48 470 25 23 
103 110 30 140 188 393 79 
24 2 2 2 11 3 1 
1 2 3 2 2 9 3 
24 1 12 3 2 1 6 
