87 39 30 82 104 35 17 
81 39 30 82 104 43 17 
33 39 30 82 104 43 74 
9 2 4 62 4 99 12 
33 39 65 139 113 43 17 
81 39 30 139 113 47 17 
1 31 29 176 40 32 3 
81 39 30 79 104 35 17 
24 75 80 47 141 34 1 
81 39 30 82 113 47 17 
2 115 57 26 127 29 1 
7 71 5 62 11 178 1 
33 39 65 82 104 43 17 
2 364 163 38 141 3 35 
7 84 27 10 148 1 6 
7 71 5 62 17 67 6 
33 39 30 192 503 56 17 
2 362 4 38 141 267 35 
33 39 30 139 104 43 17 
2 75 4 48 141 12 1 
33 39 30 82 113 44 74 
87 39 30 82 104 43 17 
33 124 30 82 113 44 74 
33 110 30 82 104 47 74 
33 39 30 79 189 47 74 
2 363 29 28 17 25 58 
76 105 284 104 43 285 31 
24 75 80 48 141 34 1 
2 75 4 48 141 34 12 
7 17 4 28 17 34 12 
