37 61 292 734 13 25 6 
22 15 4 64 777 1 35 
7 2 5 740 10 3 329 
8 22 2 212 86 253 147 
22 15 4 735 777 3 35 
469 2 2 10 11 3 1 
37 348 292 26 351 699 23 
24 2 567 72 2 5 6 
470 1 1 3 2 1 5 
22 490 292 26 127 29 412 
9 61 292 734 89 25 6 
4 7 10 736 42 7 1 
8 61 80 470 470 29 35 
9 4 89 737 10 5 7 
33 38 30 79 104 43 567 
2 17 2 3 1 1 5 
22 27 16 19 10 5 7 
2 2 2 10 895 59 5 
14 21 2 10 896 3 6 
33 666 30 82 104 43 17 
7 2 1 2 901 3 6 
4 7 10 4 31 7 1 
9 17 2 2 350 12 6 
9 2 2 10 13 3 5 
14 2 6 15 897 3 6 
9 17 1 10 350 3 3 
37 75 163 545 141 25 6 
9 1 12 52 2 1 5 
1 2 42 4 898 25 8 
8 10 2 2 10 698 6 
