130 189 87 124 213 515 95 
90 440 607 691 165 599 95 
130 440 239 691 660 244 241 
81 177 189 258 277 129 153 
53 466 402 82 1151 43 17 
7 227 5 68 10 3 1 
9 17 2 10 23 3 12 
33 38 30 167 104 35 36 
7 84 1 10 11 3 46 
7 2 29 10 10 412 6 
2 1 2 3 2 1 6 
8 620 292 28 1072 668 23 
118 38 30 79 118 47 17 
64 100 78 24 138 1 61 
79 1 3 3 5 9 3 
2 1 1 83 140 3 5 
521 38 30 82 104 173 68 
33 39 44 82 104 35 17 
33 39 30 546 104 47 17 
33 38 30 173 763 35 68 
33 39 653 82 113 47 17 
33 176 30 79 104 43 17 
2 4 1 3 2 1 6 
33 38 30 82 113 44 36 
33 39 134 82 104 47 17 
33 38 134 79 113 35 17 
1 2 3 3 5 9 5 
440 157 30 82 113 43 17 
1 2 59 3 5 9 3 
32 39 30 82 104 43 68 
