53 38 30 81 118 71 36 
10 186 30 62 260 223 6 
10 186 2 62 260 223 6 
2 4 2 2 6 181 5 
4 7 10 4 121 7 17 
118 3 6 4 3 3 17 
33 195 65 82 113 242 17 
33 176 65 82 113 242 17 
33 176 30 82 113 242 17 
33 39 30 79 113 228 41 
7 17 2 15 42 3 12 
7 1 2 15 2 3 6 
2 196 5 3 2 1 5 
7 1 2 1 2 3 6 
4 7 10 4 7 7 1 
7 1 2 2 2 3 6 
9 2 12 2 11 5 6 
7 2 5 10 10 37 129 
9 2 1 10 22 7 6 
22 126 4 38 141 34 35 
4 7 10 4 1 51 1 
85 100 166 18 158 86 149 
7 53 2 15 23 3 12 
2 1 1 3 2 1 8 
3 1 5 17 11 3 6 
9 2 4 62 19 62 3 
9 2 5 2 11 3 1 
24 30 2 2 90 59 6 
22 15 4 64 74 25 23 
2 71 5 62 22 67 6 
