75 2 14 2 10 3 1 
151 75 10 48 141 34 1 
249 75 4 48 141 34 1 
259 1 1 3 2 1 5 
4 17 2 3 2 1 5 
62 4 5 2 1 1 5 
10 86 2 62 260 401 6 
9 2 52 10 11 3 1 
124 39 30 79 189 35 41 
67 4 5 68 11 3 6 
9 53 5 2 23 3 3 
7 17 5 10 350 3 3 
7 17 2 2 23 3 12 
7 30 2 15 89 59 6 
24 2 2 3 89 3 6 
9 2 2 10 11 5 6 
8 5 2 2 11 12 6 
7 2 6 10 23 37 1 
7 2 5 2 10 3 3 
55 172 21 49 125 83 6 
8 2 5 2 11 3 6 
37 52 57 26 127 25 23 
2 17 52 3 2 1 5 
37 52 57 26 129 25 23 
62 3 6 331 3 75 3 
8 2 2 212 153 3 147 
8 52 225 26 127 29 23 
2 2 2 10 10 59 5 
8 10 2 2 13 12 6 
55 21 2 71 4 37 3 
