103 110 30 140 188 770 79 
521 66 103 82 189 47 17 
33 176 2 82 104 3 17 
33 181 30 82 113 43 17 
33 39 30 82 113 43 406 
7 39 30 79 112 3 17 
7 32 2 15 23 3 12 
522 17 5 2 10 59 6 
210 701 602 227 614 767 363 
121 702 603 780 212 458 173 
515 38 30 82 104 43 17 
33 39 30 79 104 768 17 
138 68 575 752 970 208 161 
33 38 30 82 969 43 17 
517 633 233 782 971 208 192 
86 86 88 198 968 129 76 
130 703 87 124 160 129 73 
24 526 604 2 10 3 1 
33 38 541 82 104 117 17 
2 2 2 10 977 59 5 
37 61 292 470 978 25 630 
2 17 2 3 2 1 223 
22 146 57 64 74 25 23 
18 22 77 230 134 101 16 
2 61 4 64 127 20 23 
8 2 5 53 980 3 1 
8 2 292 212 351 29 57 
22 172 80 388 470 772 533 
22 364 80 388 470 772 533 
1 3 6 4 3 733 3 
