4 42 30 4 51 43 1 
1 6 7 2 40 42 29 
1 41 7 2 40 32 3 
31 1 12 3 2 32 21 
34 4 2 43 13 3 6 
42 1 5 17 11 11 6 
2 1 2 45 2 1 5 
10 27 5 44 52 41 17 
1 4 8 2 6 3 5 
2 21 35 46 53 1 5 
14 21 2 10 86 3 6 
28 34 27 33 45 36 26 
9 2 4 10 4 5 6 
2 20 1 3 2 1 1 
2 1 12 48 2 1 32 
35 5 11 3 38 25 2 
38 1 1 3 2 1 5 
4 7 10 4 42 7 5 
2 1 1 3 6 1 5 
8 2 5 62 2 5 1 
10 7 10 2 1 7 1 
8 25 2 10 22 3 6 
4 44 10 4 1 7 1 
23 4 5 30 7 1 5 
39 5 9 4 8 46 21 
37 2 9 2 8 46 23 
17 2 8 5 8 2 4 
2 45 2 4 19 3 1 
1 6 7 2 40 32 3 
1 7 10 2 1 7 1 
