33 184 30 82 211 85 17 
33 39 30 82 68 47 17 
44 1 2 84 11 11 6 
103 110 30 201 188 218 142 
33 39 30 82 189 219 17 
33 39 65 140 113 47 17 
81 155 30 163 231 220 17 
33 39 122 79 113 43 17 
33 39 122 79 104 43 17 
33 39 30 82 113 221 17 
32 39 30 79 113 47 17 
33 179 30 79 250 168 17 
33 39 30 82 113 210 17 
53 39 30 82 104 35 36 
103 110 157 140 188 164 17 
33 39 30 79 113 35 17 
33 39 30 79 251 47 17 
32 39 30 174 104 35 17 
133 39 30 82 211 85 17 
78 167 158 204 254 212 140 
33 39 161 82 113 47 17 
1 2 42 4 256 9 8 
7 187 21 49 125 224 51 
134 186 2 62 257 223 6 
53 39 44 207 104 35 36 
33 66 30 208 104 43 17 
1 94 6 209 3 3 3 
9 2 2 2 258 61 6 
2 1 1 3 259 1 5 
53 38 30 81 118 225 36 
