67 17 5 10 350 3 3 
33 463 30 82 104 56 17 
85 624 166 712 122 86 149 
2 309 1 4 864 454 6 
2 84 27 68 11 3 5 
2 1 1 3 2 711 5 
33 39 30 748 104 43 17 
7 17 5 2 312 3 1 
33 110 572 140 188 368 581 
103 110 30 140 459 3 120 
292 66 30 82 104 206 17 
114 110 103 350 188 164 79 
114 110 103 140 188 164 79 
33 39 30 82 189 712 17 
114 110 103 350 188 713 79 
33 39 30 82 908 47 17 
3 470 1 84 11 11 6 
9 25 2 10 11 3 6 
2 1 2 3 140 3 5 
1 61 4 38 912 59 35 
216 22 78 100 116 86 188 
216 670 72 100 134 103 582 
7 112 5 62 2 413 6 
22 28 84 28 74 3 35 
2 642 5 2 13 1 6 
7 71 21 49 125 224 1 
8 10 2 2 910 12 6 
24 2 2 2 10 11 1 
55 2 2 71 11 37 3 
1 2 73 48 12 97 172 
