33 38 30 167 104 85 36 
33 39 30 82 104 43 68 
33 38 30 78 104 35 17 
32 39 30 82 104 35 17 
53 39 30 81 118 44 36 
32 39 44 82 189 44 36 
33 39 30 78 104 35 17 
33 38 30 173 104 47 68 
33 39 30 82 113 43 41 
120 39 65 82 113 47 17 
103 110 30 140 188 164 79 
33 153 30 82 118 43 36 
53 38 44 82 118 35 36 
33 38 30 82 152 44 17 
33 38 134 161 104 43 17 
33 39 30 140 104 47 97 
33 153 30 82 104 43 17 
53 38 44 78 118 35 36 
103 110 2 140 104 164 79 
33 38 30 82 104 43 68 
32 38 44 82 104 35 36 
32 160 44 82 104 44 36 
33 39 30 78 104 173 17 
33 38 30 82 104 173 68 
103 110 30 162 188 164 99 
103 110 103 140 218 166 79 
33 161 122 140 113 43 17 
103 110 30 162 188 164 79 
53 38 44 82 118 85 36 
33 39 30 174 113 35 17 
