8 23 163 496 89 1 6 
8 2 2 212 13 3 147 
103 114 16 2 153 3 6 
8 2 2 212 11 253 147 
166 2 1 140 459 3 1 
103 110 30 140 188 1 79 
7 110 30 140 188 1 79 
33 39 30 79 153 253 147 
33 39 30 79 113 3 17 
33 39 30 79 112 3 17 
7 110 30 140 188 3 79 
53 10 44 2 104 35 36 
7 4 2 2 11 1 6 
2 257 80 243 385 25 212 
62 4 5 2 17 1 5 
1 61 4 38 517 137 35 
1 61 12 38 517 59 35 
1 61 249 385 517 59 35 
1 61 298 38 517 59 232 
1 71 351 2 500 67 6 
2 1 12 3 2 7 5 
2 1 30 3 2 1 5 
2 1 355 3 2 1 5 
2 1 390 407 70 1 386 
2 4 1 2 7 90 5 
2 21 5 2 2 1 386 
4 7 10 511 42 7 1 
4 44 10 4 42 7 1 
6 4 5 56 2 1 5 
7 4 355 2 11 1 5 
