33 181 785 82 113 43 17 
47 55 5 10 11 68 6 
8 17 95 2 11 12 6 
7 347 5 2 10 3 6 
33 39 30 1034 189 708 17 
8 17 5 2 10 43 6 
22 146 4 38 40 25 35 
7 1 2 3 2 3 6 
142 86 86 198 325 126 156 
33 39 103 82 113 47 139 
2 61 4 17 1348 7 23 
8 61 80 470 127 1017 35 
33 39 30 82 113 1016 17 
86 240 189 909 1105 209 76 
142 412 609 503 1347 209 230 
121 800 126 215 299 883 721 
22 28 4 28 890 99 35 
33 39 30 82 113 1018 17 
9 53 5 10 11 99 3 
33 39 787 1035 1350 117 848 
4 7 10 4 1349 7 1 
2 609 12 3 23 3 5 
22 490 2 2 23 29 412 
8 61 291 750 1351 24 35 
103 110 103 140 113 56 74 
53 110 103 833 210 1019 74 
7 2 5 25 11 203 6 
8 112 5 62 89 67 5 
24 30 12 2 89 59 6 
