33 38 30 82 104 35 42 
33 38 30 82 104 43 413 
33 38 226 82 104 43 17 
33 38 413 82 104 43 17 
33 66 30 82 104 47 17 
33 38 226 82 104 43 413 
33 39 30 555 104 43 17 
33 39 30 78 113 43 68 
33 38 30 82 104 35 132 
33 153 226 556 104 47 17 
53 38 30 82 113 35 17 
33 39 30 174 104 214 17 
33 39 30 82 104 117 36 
33 39 134 82 104 43 132 
302 39 30 82 113 117 17 
33 39 30 555 104 332 17 
33 39 30 82 395 35 17 
302 38 30 82 113 43 17 
33 38 30 78 104 43 132 
32 39 30 82 698 44 17 
2 22 5 3 2 61 5 
37 52 4 28 74 99 23 
37 52 57 26 220 29 23 
7 1 291 28 58 25 58 
2 15 2 28 2 25 23 
2 1 57 28 127 25 23 
9 2 4 375 4 5 6 
37 52 57 26 560 29 57 
37 7 96 48 131 29 57 
37 367 359 64 488 99 23 
