136 39 147 113 1317 129 829 
86 86 87 198 1323 244 95 
554 215 778 953 1305 649 173 
123 922 546 222 317 241 832 
633 717 88 1016 594 209 76 
565 91 146 868 1303 1001 841 
81 39 87 113 404 1005 95 
86 177 88 124 318 236 727 
634 86 87 113 270 238 152 
33 38 423 82 104 43 17 
2 28 4 28 1335 3 35 
55 61 5 3 154 25 23 
22 61 2 3 154 120 23 
4 928 10 4 1 7 1 
9 2 4 62 1336 5 6 
7 61 4 3 154 25 3 
2 61 779 64 332 7 23 
2 21 5 1030 60 1 5 
64 22 121 189 134 101 16 
8 28 10 28 1 25 35 
33 39 30 1018 104 43 17 
1 1 59 2 7 5 7 
1 2 3 4 818 9 3 
1 4 2 2 6 3 830 
10 27 16 2 10 5 7 
24 61 10 3 154 3 6 
7 114 780 298 11 3 218 
2 52 29 48 23 99 23 
2 15 4 112 127 99 23 
