7 2 6 10 470 37 1 
37 490 292 64 694 25 412 
33 39 30 82 691 85 68 
7 2 2 2 11 12 6 
7 17 2 15 23 3 3 
8 10 2 2 692 12 6 
8 61 4 494 127 407 35 
2 4 52 2 14 3 6 
24 2 2 72 690 406 6 
10 27 16 550 10 5 7 
305 6 61 176 40 180 3 
2 114 234 316 13 61 237 
114 110 30 140 188 551 79 
10 27 43 551 10 18 5 
147 90 410 552 695 63 123 
2 15 10 28 141 1 6 
79 55 5 10 11 1 5 
2 61 2 3 2 1 5 
33 39 30 139 619 43 17 
83 84 5 10 11 552 46 
8 17 5 2 696 59 6 
2 2 5 2 89 5 1 
1 1 5 3 2 1 5 
33 491 30 82 104 47 139 
1 4 2 2 5 3 17 
7 2 2 15 485 3 12 
33 38 30 79 104 35 36 
33 39 30 81 118 44 36 
53 153 30 78 113 47 17 
32 66 66 82 113 43 17 
