35 43 8 51 8 46 21 
37 61 4 48 11 3 1 
37 75 2 64 312 34 1 
37 75 5 48 11 3 1 
7 10 5 72 22 561 6 
7 17 420 15 11 3 12 
8 364 4 471 74 3 469 
91 2 42 4 90 9 8 
9 53 2 53 312 3 3 
9 53 27 53 312 3 3 
9 53 27 53 74 3 3 
4 455 291 668 127 24 1 
37 75 29 26 129 407 1 
7 2 358 2 923 3 1 
7 53 5 10 2 3 3 
9 52 57 26 74 25 23 
14 1 52 3 11 100 5 
9 2 2 10 22 3 5 
8 2 27 751 22 3 1 
7 438 292 2 13 25 23 
8 61 57 26 74 25 271 
24 23 12 496 23 25 6 
304 39 30 79 104 206 325 
33 491 30 82 113 47 17 
33 39 30 82 113 43 139 
33 39 30 82 113 12 17 
86 86 88 245 288 129 76 
136 86 88 124 266 209 156 
33 39 30 174 104 332 17 
2 15 2 3 154 51 35 
