33 39 30 82 113 751 17 
4 7 12 4 2 51 1 
509 4 5 2 2 1 5 
1 2 3 4 4 9 3 
4 695 10 4 1 7 1 
2 15 95 48 13 25 23 
9 17 1 10 11 3 3 
273 38 30 79 113 534 17 
274 61 4 64 74 25 58 
33 39 30 82 104 752 17 
57 17 2 2 957 12 6 
33 38 30 82 104 753 292 
8 23 163 3 89 1 6 
22 103 4 28 17 110 23 
227 297 253 541 424 337 617 
10 186 2 774 260 401 6 
227 297 253 541 955 337 250 
10 694 2 62 954 749 615 
10 186 2 62 260 401 6 
227 297 253 541 424 750 250 
227 297 253 541 424 337 250 
507 694 2 62 954 749 615 
1 2 397 91 884 748 51 
227 297 595 541 424 337 250 
10 186 2 773 260 401 6 
4 380 10 4 1 7 1 
10 24 59 19 10 5 7 
64 431 203 100 652 2 16 
7 17 52 10 550 3 6 
24 2 2 10 89 3 1 
