2 1 54 3 4 1 5 
4 7 51 4 1 7 1 
3 2 5 10 11 11 6 
10 11 16 7 10 5 7 
7 2 5 2 10 3 6 
63 34 27 33 45 5 7 
8 10 2 2 14 12 6 
2 1 1 3 2 1 6 
1 6 22 24 12 7 1 
2 59 4 38 17 12 5 
48 7 10 4 1 7 1 
7 1 5 2 11 3 6 
2 1 1 9 2 1 5 
9 2 55 62 4 5 6 
6 4 13 2 2 1 5 
1 3 6 4 3 3 6 
9 2 4 6 4 5 6 
2 1 13 3 2 1 5 
2 1 5 3 2 1 5 
2 1 5 3 2 4 5 
2 1 1 3 2 1 5 
1 3 6 4 3 3 3 
1 5 9 5 8 8 2 
2 1 12 6 2 1 5 
4 7 10 1 1 7 1 
14 18 5 2 11 3 6 
1 2 42 85 11 9 8 
64 19 20 77 94 54 16 
8 1 17 3 16 1 1 
2 1 6 9 11 1 14 
