33 39 30 235 104 206 17 
9 2 4 6 4 22 6 
8 17 5 53 11 3 1 
62 7 5 2 2 1 5 
24 21 2 234 89 59 6 
9 10 5 10 2 3 6 
9 199 173 10 11 3 6 
2 193 1 2 263 1 5 
4 7 10 4 10 7 1 
2 1 1 211 2 1 5 
76 22 165 98 116 86 16 
2 4 5 2 2 230 5 
18 89 77 98 122 254 16 
47 112 5 62 11 67 6 
79 55 2 10 11 3 8 
7 17 52 10 89 3 6 
64 70 164 98 123 229 16 
9 216 5 10 10 3 1 
2 1 4 2 293 25 58 
4 7 10 4 261 7 145 
149 1 5 3 2 1 5 
7 17 5 2 86 3 1 
1 2 42 4 2 25 8 
33 17 2 15 23 3 12 
9 115 4 28 278 29 23 
66 39 30 82 113 47 17 
8 53 2 10 11 3 3 
7 23 16 19 6 18 7 
33 39 30 82 11 47 17 
43 194 2 213 19 231 148 
