2 4 5 25 11 203 5 
63 223 181 251 305 264 170 
63 223 365 253 305 263 168 
325 223 365 253 305 263 168 
326 223 365 253 305 263 168 
24 30 2 2 258 59 6 
8 2 2 2 11 12 69 
7 4 1 68 430 58 6 
24 2 5 72 568 5 39 
9 53 27 10 11 3 3 
9 364 57 26 176 3 35 
60 69 5 10 11 3 6 
9 17 193 2 86 3 1 
24 2 27 72 75 5 321 
9 30 2 2 258 59 6 
7 17 2 15 550 3 12 
9 2 2 10 529 3 5 
2 4 1 372 2 1 5 
327 398 332 485 549 208 336 
128 433 366 486 614 501 173 
2 1 12 487 2 1 5 
121 215 367 488 615 502 361 
162 215 195 352 454 371 268 
128 433 264 486 614 501 270 
328 435 88 124 598 129 95 
78 400 238 489 616 208 362 
86 434 87 490 617 244 95 
329 110 30 82 188 505 17 
33 39 30 82 113 25 17 
330 39 30 79 104 43 41 
