33 39 30 82 104 56 211 
33 39 217 82 104 56 17 
53 38 30 81 118 294 36 
33 39 30 82 118 56 17 
33 39 30 82 104 57 17 
1 4 16 2 29 3 3 
1 4 3 3 6 3 17 
2 104 2 2 6 3 17 
2 24 5 3 2 1 5 
19 24 30 246 300 259 57 
2 10 2 2 6 1 5 
57 28 4 28 332 3 35 
8 28 29 28 648 99 35 
22 28 4 28 332 3 35 
2 52 4 48 23 1 23 
8 1 6 506 2 1 1 
10 23 16 19 6 18 3 
33 153 30 82 113 47 17 
33 153 30 140 113 43 17 
7 153 30 115 113 44 6 
33 39 30 82 113 47 42 
33 153 30 2 113 136 17 
33 39 30 82 113 67 17 
121 446 195 507 649 191 383 
7 15 4 28 613 59 35 
2 15 353 28 22 3 1 
22 17 4 28 363 3 35 
341 39 103 79 113 35 17 
22 15 4 64 2 25 23 
7 114 5 298 10 3 218 
