33 38 30 82 118 43 132 
33 66 30 82 104 35 17 
33 38 30 82 113 43 17 
33 178 30 82 104 35 36 
33 39 30 173 113 35 17 
126 38 30 82 104 43 17 
33 38 30 81 104 207 36 
33 38 30 82 104 43 132 
32 39 30 82 118 35 36 
32 39 30 82 118 207 36 
32 39 30 82 104 43 36 
130 177 88 198 246 209 76 
33 153 30 82 104 43 68 
33 38 30 82 2 1 17 
33 176 30 79 188 43 17 
128 175 152 197 245 208 133 
33 39 30 79 113 35 41 
33 39 30 82 112 56 17 
33 38 30 82 104 44 17 
32 39 30 82 118 207 132 
129 66 30 82 189 47 17 
33 39 30 79 113 47 41 
33 39 30 115 104 43 17 
33 110 30 116 189 47 41 
33 39 30 82 189 43 17 
33 176 30 82 113 43 17 
33 39 30 79 113 206 17 
33 39 44 81 113 205 36 
33 39 30 115 113 47 17 
33 39 65 79 104 43 17 
