33 66 30 79 104 35 17 
33 39 30 140 483 47 17 
33 38 30 79 189 206 17 
33 39 30 79 483 47 17 
33 38 30 79 189 47 17 
33 66 30 79 189 206 17 
33 38 30 140 104 206 17 
2 1 1 963 1 1 5 
8 785 4 64 127 407 421 
2 17 5 2 10 12 736 
33 181 30 79 113 44 17 
10 31 63 129 101 45 31 
2 15 4 1032 154 25 35 
7 17 12 2 10 1 846 
103 110 30 140 113 168 41 
7 10 5 2 2 3 6 
2 2 5 2 156 3 6 
2 1 1 5 22 1015 8 
33 39 103 82 1346 43 41 
2 1 1 3 140 3 847 
7 195 103 140 113 164 79 
8 2 2 2 11 12 6 
9 216 5 10 11 457 1 
9 25 2 10 10 3 6 
9 17 5 53 11 541 6 
175 6 216 282 434 7 3 
7 2 2 2 1342 12 6 
33 930 30 82 104 56 17 
638 39 30 82 104 173 68 
