64 22 203 100 134 103 16 
18 89 77 98 122 101 16 
64 22 20 100 134 101 171 
258 174 207 193 336 314 229 
64 22 212 97 122 301 16 
64 89 20 100 134 86 16 
64 89 85 189 134 101 16 
396 162 476 100 194 101 60 
270 98 5 397 511 596 304 
37 52 57 26 380 29 23 
18 22 72 18 410 103 16 
2 4 4 27 126 597 23 
7 21 5 2 11 3 26 
4 7 10 4 1 598 1 
64 288 203 189 134 187 60 
258 174 474 193 241 314 131 
64 22 310 100 134 94 16 
64 22 71 189 134 118 60 
64 22 71 100 134 187 60 
86 39 30 82 113 332 17 
33 38 30 82 104 332 36 
86 528 88 269 755 316 156 
33 39 30 79 104 35 211 
33 39 30 82 104 65 17 
135 188 69 113 143 332 152 
33 38 66 115 104 43 17 
137 189 174 241 756 126 76 
33 38 30 82 118 332 36 
130 39 44 82 104 44 68 
398 189 86 269 701 599 153 
