37 585 4 48 748 407 466 
1 2 42 4 5 9 467 
199 2 6 10 10 37 1 
2 17 2 49 485 1 5 
6 2 42 4 4 25 8 
33 39 30 82 104 3 139 
7 2 2 212 2 253 147 
60 4 1 68 11 58 6 
7 2 6 10 13 37 1 
32 42 30 82 112 3 17 
8 17 2 2 694 3 1 
8 2 2 212 153 61 147 
1 3 6 331 3 3 3 
2 220 2 3 2 1 5 
103 110 30 661 113 168 17 
425 215 501 662 778 619 367 
128 588 500 220 776 618 520 
32 160 30 82 104 44 36 
1 4 2 2 6 3 521 
1 6 137 176 40 12 3 
305 6 61 176 40 180 224 
18 353 78 501 116 86 47 
305 409 339 664 578 391 344 
47 55 52 10 11 48 8 
2 1 21 3 1 1 5 
33 39 30 82 104 43 5 
426 530 339 607 779 391 344 
33 39 30 630 104 43 36 
33 160 44 82 104 44 36 
53 153 30 82 113 43 17 
