1 6 29 513 40 32 3 
1 31 29 176 40 32 385 
18 33 20 514 1 86 16 
343 6 29 512 40 32 3 
64 22 31 100 652 270 16 
1 6 29 512 40 32 3 
64 95 20 100 514 101 60 
344 70 22 98 123 86 16 
112 22 77 515 134 17 16 
258 174 207 193 241 375 131 
64 449 22 111 138 17 16 
18 268 229 18 159 61 16 
216 33 78 100 124 86 256 
64 70 22 98 122 86 16 
7 114 5 2 67 520 6 
2 1 12 3 2 1 386 
80 22 72 18 654 103 305 
76 22 72 98 655 518 305 
64 450 388 100 653 519 16 
4 7 40 62 42 51 1 
1 4 5 2 6 3 6 
64 22 77 155 134 101 16 
7 84 30 10 119 35 26 
1 3 1 4 3 3 3 
64 33 30 108 146 35 61 
1 2 1 4 98 58 34 
18 89 77 98 122 94 16 
9 1 1 10 22 1 5 
64 33 22 111 122 17 16 
64 22 77 230 205 101 150 
