7 17 5 2 10 556 6 
62 63 5 2 80 1 5 
2 17 2 3 2 298 5 
7 114 5 298 11 3 218 
33 153 30 82 118 287 36 
2 1 12 9 11 1 5 
33 66 65 192 189 44 17 
9 30 5 2 10 59 3 
4 7 10 4 351 7 1 
33 39 30 79 104 394 36 
32 39 44 82 104 44 17 
33 39 30 82 104 64 17 
33 39 30 81 104 44 36 
33 262 30 78 104 43 36 
33 153 30 79 104 35 17 
204 230 403 308 661 316 230 
32 39 44 82 104 44 77 
130 177 86 558 701 130 76 
53 39 30 79 699 44 36 
360 215 126 270 498 557 187 
359 492 414 182 700 208 414 
86 177 415 124 327 236 95 
136 493 416 559 702 372 76 
32 39 30 82 104 117 36 
19 24 23 20 703 16 15 
4 7 10 4 8 7 1 
94 117 90 125 174 76 100 
24 17 12 316 2 3 1 
1 2 22 4 5 9 3 
1 2 30 82 104 56 3 
