2 4 1 674 7 1 5 
53 310 30 82 113 117 17 
2 315 1 2 7 1 5 
33 38 134 161 104 44 17 
2 363 4 28 17 25 58 
2 363 674 28 17 25 58 
33 39 44 174 118 117 17 
53 38 30 81 118 877 36 
117 39 30 82 113 43 17 
2 17 3 2 2 9 5 
33 322 65 79 104 85 17 
2 1 1 3 2 878 5 
33 38 134 240 104 43 17 
363 455 4 64 141 25 23 
33 39 30 78 104 85 68 
37 59 29 64 470 407 421 
1 1 2 2 2 3 6 
136 188 69 456 104 277 152 
7 367 675 897 188 29 541 
2 17 12 2 10 59 6 
33 39 44 82 118 56 17 
33 39 419 79 113 43 17 
33 38 30 79 104 85 17 
33 153 44 82 104 44 36 
32 153 30 82 118 43 17 
2 1 1 20 2 1 6 
114 406 103 115 104 3 79 
19 1 1 3 2 1 6 
180 2 2 3 5 231 147 
33 153 30 82 104 117 36 
