8 17 5 2 11 59 6 
10 27 59 19 10 79 7 
10 1 59 19 10 5 7 
1 1 59 2 10 5 7 
33 39 30 115 104 35 42 
9 112 5 2 11 3 6 
7 17 5 2 156 3 6 
7 84 1 10 157 1 6 
7 2 5 2 156 3 6 
2 4 27 122 11 3 5 
42 63 2 66 6 1 5 
2 28 4 120 155 34 35 
2 114 1 3 2 1 70 
85 100 22 18 158 86 72 
84 106 29 28 136 1 35 
64 33 78 111 138 17 47 
76 33 77 104 43 109 31 
1 4 16 2 6 3 5 
47 22 77 98 122 86 16 
18 99 15 104 145 114 31 
18 100 82 24 138 116 63 
18 22 77 98 122 86 16 
18 100 22 104 133 105 6 
64 33 22 98 123 124 16 
2 4 2 2 6 3 5 
4 1 1 3 2 1 3 
23 2 3 4 5 9 3 
2 75 80 48 142 34 1 
76 22 72 123 116 125 16 
86 39 88 82 104 127 76 
