81 104 628 113 143 43 67 
136 104 69 113 1019 246 152 
429 104 520 819 1020 280 76 
217 104 629 434 1015 658 657 
121 104 630 789 1021 482 658 
128 104 547 347 1022 658 580 
121 104 629 820 987 646 94 
121 104 451 659 1023 208 485 
8 10 2 2 127 12 6 
7 2 5 10 13 408 1 
33 39 65 82 113 35 17 
24 30 2 2 90 3 6 
516 177 620 781 972 372 627 
33 38 30 82 563 85 17 
9 731 5 10 11 3 3 
2 1 4 28 470 25 58 
2 1 52 3 74 100 5 
1 2 10 62 4 5 6 
2 1 2 26 127 29 35 
8 61 80 144 220 772 533 
8 71 5 62 11 67 6 
9 53 2 10 13 3 3 
2 609 12 3 11 3 5 
7 23 163 496 409 1 6 
14 21 2 10 127 289 6 
37 367 292 28 127 25 541 
2 1 42 3 2 3 5 
14 21 2 212 86 3 6 
437 526 2 5 10 3 1 
124 39 30 82 113 43 17 
