33 39 10 4 1 7 17 
33 38 66 82 5 43 17 
2 1 21 3 2 3 5 
4 7 40 2 42 7 1 
33 66 30 79 189 44 17 
33 3 30 82 113 3 17 
33 39 30 82 104 56 1 
19 24 23 20 397 16 15 
207 1 12 3 2 1 5 
7 4 5 2 2 282 5 
7 2 231 2 10 3 6 
2 84 12 3 11 1 5 
2 1 5 3 2 132 5 
184 39 1 82 7 43 5 
7 276 5 2 135 68 26 
205 33 22 49 178 82 31 
1 6 29 176 40 32 6 
22 33 4 64 74 25 23 
123 90 187 223 317 245 198 
2 52 29 48 127 25 57 
4 7 40 4 168 7 1 
2 4 4 48 13 25 57 
33 38 30 174 113 35 17 
2 10 2 2 11 12 5 
2 10 2 2 11 12 6 
33 39 30 82 104 62 17 
33 39 30 79 2 35 17 
2 17 2 15 13 3 12 
33 39 30 82 188 47 17 
8 115 57 26 127 29 35 
