2 71 5 62 11 3 6 
2 28 4 38 141 267 35 
2 61 4 64 141 7 23 
2 1 1 280 2 1 3 
3 1 5 4 11 11 6 
4 17 2 15 23 3 12 
6 1 21 3 2 1 5 
6 244 5 2 2 1 5 
7 78 42 82 106 12 8 
7 17 2 4 23 3 12 
7 112 5 62 11 3 6 
7 4 5 25 11 3 5 
7 4 6 68 188 3 46 
7 21 5 62 4 61 6 
7 4 6 68 93 3 6 
7 17 1 2 86 232 1 
7 17 2 15 13 3 12 
8 1 17 3 2 1 1 
8 17 5 10 11 61 3 
9 28 4 28 141 3 35 
10 119 50 126 348 194 112 
18 33 22 288 122 17 16 
24 2 5 2 10 3 1 
32 38 30 82 104 43 36 
33 39 30 82 104 56 38 
33 39 30 82 113 43 38 
33 39 30 79 113 302 17 
33 176 30 82 113 77 17 
33 42 30 82 104 35 17 
33 39 30 79 188 35 17 
