8 364 80 470 470 25 6 
8 364 57 470 220 29 35 
16 2 2 62 3 9 8 
32 38 30 82 104 493 17 
7 2 4 62 606 5 6 
37 52 4 131 604 3 23 
37 364 359 64 127 47 23 
37 52 4 48 127 29 23 
33 39 30 82 104 225 33 
33 38 30 82 113 43 40 
33 38 30 82 104 47 26 
33 39 30 82 113 44 23 
33 38 30 82 104 47 139 
33 39 30 82 104 225 36 
33 38 30 82 104 29 36 
33 39 30 82 506 43 17 
32 39 2 79 113 12 6 
33 38 30 174 104 47 17 
33 42 30 310 104 47 17 
33 291 30 174 104 47 17 
33 39 30 26 113 47 125 
33 42 30 82 104 3 6 
32 38 30 82 104 43 12 
9 53 2 10 10 3 5 
103 39 30 140 188 164 79 
32 39 30 82 104 47 17 
33 38 30 82 104 44 147 
32 38 30 82 104 43 6 
37 52 57 26 127 3 23 
32 39 30 82 104 43 79 
