1 350 5 4 261 7 3 
33 39 30 82 152 325 36 
192 251 216 282 261 7 3 
33 39 103 82 373 47 17 
118 39 30 79 118 47 17 
37 4 4 105 10 25 57 
33 39 30 140 113 164 41 
1 6 216 332 261 293 3 
1 6 216 282 261 293 3 
237 2 9 5 8 222 21 
27 33 22 49 43 86 31 
26 2 8 835 8 2 4 
429 535 520 612 809 280 465 
2 1 1 3 1129 1 5 
2 791 12 3 2 1 5 
4 7 10 48 1 7 1 
4 7 10 4 1 869 1 
1 172 95 426 1128 353 6 
24 2 4 2 10 5 12 
2 1 5 887 2 1 5 
9 17 5 10 350 3 710 
9 17 5 10 350 3 629 
9 17 95 10 1130 762 3 
2 4 95 25 685 3 674 
2 61 4 812 332 7 422 
84 459 29 28 74 161 87 
2 1 52 889 23 100 5 
103 103 57 26 74 25 5 
8 103 57 2 74 25 23 
552 97 1 2 135 3 26 
