33 66 30 79 113 35 17 
9 2 2 2 2 5 6 
188 2 5 2 151 55 6 
2 1 5 3 90 1 5 
7 27 1 10 13 3 6 
33 39 30 79 104 35 135 
47 551 5 10 11 48 8 
14 21 2 10 86 457 6 
24 17 27 15 13 3 12 
1 6 5 24 12 624 1 
33 39 30 79 113 625 17 
2 21 5 666 23 1 5 
427 38 30 82 104 35 17 
2 15 4 48 360 25 64 
10 27 89 44 10 132 7 
37 61 4 64 141 29 1 
24 595 59 19 10 5 7 
7 2 103 2 156 3 6 
7 18 1 10 11 3 6 
7 17 5 2 624 3 6 
3 470 2 84 11 11 6 
33 39 30 82 253 43 41 
7 1 5 2 10 3 6 
4 7 10 92 1 7 1 
8 1 57 26 127 29 35 
9 199 173 10 11 253 6 
4 7 477 4 1 7 1 
2 1 21 3 2 1 489 
166 2 505 10 151 3 1 
4 7 10 4 788 7 1 
