7 4 1 25 11 358 5 
2 4 95 2 7 1 5 
33 176 30 82 104 43 17 
7 17 5 2 10 360 6 
64 33 22 344 122 17 16 
27 2 22 104 115 86 31 
2 1 1 3 444 1 5 
24 2 5 72 22 102 6 
7 53 2 15 13 3 3 
33 39 30 79 104 47 139 
64 22 85 77 94 355 16 
24 17 5 2 10 3 6 
2 4 52 93 14 3 6 
24 17 12 15 23 3 12 
160 84 2 10 11 3 5 
22 28 4 28 363 3 35 
7 2 5 2 10 356 6 
4 312 10 4 42 25 1 
2 1 12 3 2 1 12 
188 313 1 2 89 5 6 
3 1 5 17 445 11 6 
1 2 3 4 5 9 260 
2 4 1 93 11 3 259 
15 22 77 98 138 320 16 
162 215 200 270 326 357 187 
11 33 22 49 43 82 31 
33 39 30 115 113 85 17 
9 2 42 4 11 361 253 
55 21 27 10 14 37 6 
2 15 4 3 15 25 35 
