24 526 2 2 1090 3 1 
7 17 5 10 90 177 6 
7 17 2 15 23 3 5 
4 6 137 176 40 478 364 
2 4 1 24 7 3 5 
4 7 113 4 42 7 1 
7 4 95 68 11 3 6 
2 1 2 3 416 1 5 
3 542 5 17 11 11 6 
24 2 2 72 67 405 6 
8 10 2 2 90 12 6 
7 2 5 2 1093 3 6 
33 764 30 82 113 56 17 
8 10 2 750 10 12 6 
2 23 292 64 11 25 23 
10 592 16 19 10 5 7 
2 2 1 24 7 1 5 
7 4 5 2 13 75 26 
2 364 292 857 127 25 23 
24 2 4 2 10 3 1 
33 39 150 685 248 35 17 
200 6 137 176 40 180 224 
7 17 5 2 1 3 6 
12 6 61 176 40 180 3 
1 6 137 176 40 297 3 
8 10 2 858 13 12 6 
3 25 5 84 11 11 6 
2 15 4 459 17 80 23 
8 2 358 2 188 3 1 
1 4 3 3 5 9 3 
