33 39 30 82 188 169 41 
103 110 30 140 189 164 120 
33 39 30 79 815 47 17 
4 7 10 696 829 7 1 
32 39 30 79 815 44 17 
128 2 556 696 829 776 397 
335 215 196 874 1012 793 699 
60 69 52 10 431 3 6 
24 2 2 2 342 3 1 
8 2 4 842 732 34 35 
8 10 2 10 127 12 6 
2 8 52 17 42 844 1 
7 311 27 2 11 67 6 
7 2 5 2 156 3 1 
22 2 27 64 86 25 23 
9 2 5 10 10 59 5 
4 7 10 632 42 25 1 
152 38 30 81 104 47 17 
7 17 2 15 23 67 12 
103 110 103 82 104 164 79 
2 2 12 2 10 3 5 
2 7 5 1 7 59 1 
33 180 122 140 113 43 17 
37 52 57 4 238 3 35 
24 30 2 2 89 59 5 
2 1 12 3 92 1 5 
4 338 10 3 1 669 1 
33 110 103 140 210 164 79 
6 1 10 885 1 1 1 
9 69 52 886 10 3 6 
