33 271 232 311 113 43 41 
8 10 2 2 2 12 6 
2 1 1 3 89 1 5 
22 52 75 373 74 34 23 
2 61 120 38 40 3 35 
299 39 30 79 113 43 17 
32 42 30 82 104 56 139 
10 27 16 19 10 471 7 
301 38 30 82 104 47 17 
302 39 30 78 104 47 17 
302 39 30 78 113 64 17 
32 39 30 78 570 43 36 
33 38 337 78 104 43 17 
2 1 21 78 2 474 5 
10 27 16 78 10 471 7 
37 28 120 78 571 3 23 
114 406 103 78 459 164 338 
10 27 43 78 6 18 7 
33 38 30 78 118 43 339 
33 39 30 78 572 47 17 
114 406 103 78 459 164 79 
17 2 9 78 573 2 4 
258 174 154 78 574 472 284 
103 110 30 78 459 164 340 
33 38 30 78 113 43 341 
114 110 30 78 188 473 342 
2 28 84 78 575 99 35 
2 1 21 3 2 474 5 
2 28 84 28 575 99 35 
17 2 9 5 573 2 4 
