37 28 4 28 321 3 23 
64 450 388 100 122 519 16 
10 27 59 19 943 274 7 
10 27 59 19 941 274 7 
2 686 4 2 946 34 35 
37 28 4 28 945 34 23 
7 28 4 762 363 99 35 
37 28 4 28 942 3 23 
1 4 585 2 6 3 17 
22 335 4 64 74 25 599 
7 2 2 763 2 3 6 
503 687 61 764 947 7 600 
22 61 4 28 944 99 23 
10 31 95 268 101 45 1 
2 61 29 28 58 25 58 
10 31 34 129 101 45 49 
2 452 2 2 6 1 5 
2 1 586 3 5 1 5 
10 81 50 99 120 76 602 
33 39 30 82 104 740 17 
181 17 5 10 86 3 603 
8 84 5 2 11 12 6 
7 17 5 2 17 3 6 
8 313 5 2 89 5 6 
2 21 2 37 60 1 5 
7 2 5 719 10 3 6 
18 70 77 97 205 743 47 
2 17 5 2 907 59 6 
7 1 587 83 2 3 6 
79 4 5 68 11 3 6 
