1 2 1 3 5 1 17 
33 39 30 82 1187 64 17 
33 39 30 78 118 47 17 
33 38 30 464 104 35 68 
33 39 30 914 113 47 17 
1 2 3 666 5 1 3 
9 673 29 131 127 29 23 
8 367 80 64 600 25 35 
33 39 30 82 112 43 139 
33 38 44 82 104 44 36 
33 38 473 82 104 35 36 
8 2 2 212 350 253 147 
33 38 30 82 113 35 68 
8 364 80 470 470 772 533 
33 39 134 78 104 43 17 
22 490 292 26 127 24 412 
33 39 30 78 104 43 36 
33 38 134 82 104 43 17 
33 38 44 79 113 43 36 
33 38 30 82 112 47 139 
589 2 2 2 11 5 6 
33 39 134 173 104 35 17 
33 807 30 82 113 43 17 
33 39 686 82 104 44 17 
2 1 1 3 10 3 5 
33 808 30 82 113 43 17 
7 809 2 15 11 3 12 
33 27 33 20 538 437 7 
33 39 30 82 298 35 17 
1 17 52 3 2 1 5 
