277 105 20 143 134 54 16 
64 96 22 100 134 7 16 
76 70 78 104 2 109 31 
64 22 212 98 134 301 16 
9 2 2 10 562 59 5 
64 33 22 98 10 17 1 
9 2 2 2 89 5 6 
161 379 22 104 134 109 16 
1 3 6 4 3 397 3 
64 33 22 98 94 17 16 
2 17 5 2 10 59 6 
2 25 4 3 154 25 35 
76 375 284 409 124 285 31 
8 10 2 2 11 516 6 
33 39 30 79 163 47 292 
14 2 2 2 11 12 6 
77 30 2 2 11 59 6 
2 4 12 93 11 3 6 
8 2 5 53 11 5 1 
8 30 2 2 2 3 6 
8 30 2 2 11 59 6 
24 30 2 2 2 59 6 
8 30 2 2 10 3 6 
24 30 2 53 11 55 6 
8 65 2 2 10 3 6 
7 17 5 2 11 3 26 
24 17 12 2 11 3 1 
7 17 5 2 22 3 26 
9 25 2 10 89 3 6 
9 25 2 10 74 3 6 
