2 1 5 25 11 1 6 
257 1 5 3 2 25 5 
33 38 103 79 189 43 17 
33 39 30 82 104 396 17 
256 39 150 82 113 35 17 
2 7 243 28 520 29 35 
7 172 21 49 467 224 51 
2 15 4 4 20 34 35 
2 52 4 373 141 25 23 
64 105 22 100 134 103 16 
2 4 4 27 126 25 23 
27 33 78 104 43 109 16 
33 39 30 82 113 44 36 
37 61 57 64 519 430 23 
2 15 4 64 74 25 23 
2 4 4 402 17 25 23 
8 17 10 2 10 59 6 
24 21 2 2 89 1 6 
62 341 5 2 2 1 5 
63 223 181 254 306 264 308 
4 7 1 3 42 7 5 
2 1 10 4 2 100 5 
1 1 1 3 6 1 5 
2 3 6 4 3 397 5 
1 2 3 4 5 9 281 
6 4 5 2 2 282 5 
2 28 4 404 167 25 35 
4 28 4 399 372 25 35 
22 28 4 399 372 25 35 
2 7 243 28 520 29 23 
