2 75 4 48 103 34 1 
4 7 34 4 42 7 1 
24 30 2 2 89 93 6 
10 62 43 19 6 5 1 
4 7 6 3 2 7 1 
8 1 6 3 17 1 1 
2 75 5 48 2 34 1 
2 1 12 3 22 1 5 
9 25 2 10 1 3 6 
77 30 2 2 89 59 6 
2 3 5 2 1 7 6 
4 7 10 4 2 20 1 
17 2 8 5 2 2 4 
2 4 2 2 8 1 5 
4 7 10 4 7 1 1 
2 4 1 2 1 1 5 
10 81 50 99 120 76 52 
10 1 50 99 120 76 52 
4 7 70 4 1 7 1 
76 93 72 104 124 96 31 
35 43 9 5 8 46 21 
26 2 9 51 8 46 21 
35 43 9 5 121 46 21 
64 85 71 100 121 3 55 
17 2 8 5 121 46 21 
17 2 9 51 121 46 21 
26 43 9 101 121 46 21 
9 2 21 9 2 1 5 
1 2 3 4 2 9 3 
2 52 57 26 107 29 5 
