8 17 2 2 89 3 6 
3 1 5 10 10 11 6 
82 38 30 82 113 43 36 
22 28 30 79 104 3 17 
130 177 87 276 335 126 194 
33 38 4 28 104 3 17 
33 39 30 82 189 343 17 
124 39 30 79 113 47 17 
47 55 5 10 11 61 8 
64 33 22 189 122 303 16 
3 602 12 2 2 629 6 
432 30 2 2 89 3 6 
2 1 57 28 77 25 58 
24 17 12 673 2 3 1 
8 17 2 674 11 12 6 
8 17 510 2 2 11 1 
9 53 5 53 11 3 3 
7 2 358 10 188 3 1 
7 1 10 4 794 59 1 
22 103 29 28 77 25 23 
33 110 30 79 104 35 17 
428 490 292 26 795 25 6 
166 37 30 79 113 47 17 
166 38 30 79 104 628 17 
33 66 30 82 189 43 17 
33 39 66 82 104 43 41 
33 39 30 675 104 44 17 
33 110 30 140 104 164 17 
247 39 134 82 792 35 17 
33 39 30 544 113 53 17 
