2 29 4 27 10 25 24 
2 131 57 26 107 29 35 
7 2 5 2 11 3 1 
24 7 2 2 10 3 1 
7 28 2 28 17 34 12 
2 1 12 3 2 3 6 
7 2 79 3 2 1 202 
8 2 52 68 11 5 7 
7 2 33 2 10 3 6 
4 7 10 249 3 7 1 
2 332 1 2 7 1 5 
7 53 2 10 149 3 3 
8 2 3 4 5 9 3 
8 10 2 2 11 1 6 
8 1 4 3 2 1 1 
7 53 2 2 11 3 3 
8 71 2 2 11 12 6 
1 17 2 2 6 3 5 
2 10 5 37 2 1 5 
2 28 2 28 17 34 77 
8 10 2 2 17 1 6 
1 333 2 2 6 3 17 
84 141 29 144 74 136 87 
9 30 2 2 89 1 6 
33 39 30 79 188 47 17 
33 39 30 79 113 43 68 
33 39 66 79 113 77 17 
2 17 2 3 75 1 5 
33 39 30 79 113 47 36 
33 66 30 79 104 43 17 
