33 39 30 115 113 47 41 
33 39 30 82 645 47 17 
33 176 240 115 113 43 17 
33 176 30 82 188 47 17 
33 39 103 82 113 47 17 
53 39 30 82 104 43 36 
334 104 69 124 323 43 67 
33 39 30 238 104 44 17 
33 176 30 79 247 47 17 
339 104 372 497 625 63 368 
33 39 30 82 104 117 376 
81 104 69 113 143 119 67 
113 273 189 198 162 126 156 
130 116 239 124 632 126 156 
86 177 189 220 631 129 156 
333 177 191 503 628 129 153 
33 39 378 500 630 208 377 
335 433 376 182 627 208 375 
130 189 191 490 405 209 241 
130 86 191 319 629 244 75 
292 66 30 82 113 246 17 
331 314 370 259 166 246 76 
81 273 88 221 246 278 76 
137 440 189 198 628 372 95 
33 39 30 79 113 438 17 
90 443 383 502 628 513 75 
2 444 1 2 7 1 5 
8 1 6 3 2 1 17 
22 28 4 28 7 3 5 
2 61 120 38 40 34 6 
