1 3 6 2 3 3 3 
9 53 2 2 11 3 3 
454 337 568 742 284 704 577 
478 215 172 239 283 245 573 
335 215 199 367 906 705 572 
22 61 4 64 11 25 23 
7 1 52 10 11 3 3 
64 288 71 189 43 109 60 
33 66 30 82 113 44 17 
33 39 30 81 104 44 17 
10 27 59 19 10 3 7 
24 526 2 2 127 3 1 
33 38 30 743 189 35 17 
9 25 2 10 22 706 6 
479 668 569 220 564 707 575 
33 39 30 82 189 708 17 
480 2 42 4 169 9 8 
6 4 5 2 2 1 576 
2 17 5 2 907 59 1 
481 7 10 4 1 7 1 
8 2 52 212 13 253 147 
8 10 5 745 11 12 6 
103 110 30 140 188 3 79 
33 176 30 82 188 77 17 
8 10 2 2 150 12 6 
33 39 30 82 113 47 578 
33 39 30 82 626 47 17 
33 42 30 79 113 35 17 
33 39 30 79 626 35 17 
389 39 30 79 506 43 17 
