33 262 30 82 104 44 36 
33 38 30 81 104 43 17 
33 39 44 82 113 47 17 
32 39 30 82 118 43 36 
33 39 30 375 113 47 17 
33 153 30 82 113 43 17 
27 33 10 49 43 20 1 
9 2 5 10 11 3 105 
8 2 5 4 11 7 105 
4 7 40 4 224 51 1 
7 1 5 10 11 28 6 
7 2 5 2 156 3 5 
1 10 22 24 12 28 1 
7 17 12 2 10 3 26 
10 2 50 62 91 367 45 
1 6 137 176 40 180 3 
2 59 4 48 126 29 23 
37 52 57 371 129 29 23 
10 6 137 176 40 32 3 
18 22 165 98 116 86 16 
10 7 10 4 42 7 21 
18 109 82 18 138 61 16 
2 59 4 48 13 25 23 
27 6 22 24 12 28 1 
1 1 2 176 2 3 5 
18 22 277 18 133 175 16 
18 22 4 97 115 86 47 
10 2 95 129 40 134 1 
10 7 3 3 5 180 3 
10 1 22 49 43 82 31 
