60 30 389 2 89 59 5 
4 7 10 4 42 51 6 
7 53 52 10 11 3 3 
3 1 5 17 680 11 6 
181 17 27 10 89 3 6 
55 2 1 10 22 3 6 
7 21 2 71 11 37 3 
24 2 5 2 10 3 6 
8 2 2 2 10 3 1 
166 17 27 10 11 3 6 
7 53 2 15 11 3 6 
24 2 5 72 22 3 210 
7 30 1 2 22 3 6 
1 17 1 10 11 3 6 
9 17 2 10 10 59 5 
73 2 45 10 10 59 5 
24 2 5 72 11 3 210 
7 25 1 10 11 3 401 
351 2 5 2 10 3 6 
7 17 1 10 11 3 6 
7 2 5 2 10 3 402 
9 17 27 53 11 541 6 
24 2 5 537 22 3 210 
9 17 10 53 11 3 6 
4 7 5 4 42 51 1 
8 2 2 212 309 3 147 
7 53 2 10 11 253 3 
10 2 50 62 91 1 45 
7 2 5 2 11 3 165 
2 1 2 3 2 3 6 
