2 4 1 1 19 1 333 
7 28 4 2 17 34 12 
4 7 10 4 1 463 1 
229 4 2 2 6 3 17 
33 39 122 82 113 77 325 
62 4 5 2 2 3 5 
124 39 30 79 104 47 41 
9 2 4 62 307 5 6 
1 4 2 2 10 3 17 
2 401 5 62 11 67 6 
7 402 5 62 4 61 44 
2 21 5 2 60 1 331 
2 1 1 3 2 90 3 
2 17 2 3 2 90 5 
1 3 6 4 4 3 3 
188 313 5 2 89 5 6 
7 17 2 15 560 3 12 
1 4 2 10 6 3 3 
9 2 6 62 4 5 6 
2 1 6 3 11 1 1 
9 17 2 15 23 3 5 
4 7 10 62 42 7 1 
2 7 10 4 1 51 1 
2 1 10 88 2 1 5 
79 17 2 15 23 3 12 
9 2 22 62 4 5 6 
2 17 5 2 10 3 6 
2 172 21 49 125 83 51 
9 25 12 10 22 3 6 
2 1 12 3 104 1 5 
