24 2 2 2 86 3 1 
2 241 2 3 2 1 5 
9 1 5 28 23 3 35 
8 17 5 15 23 59 6 
24 17 5 2 13 59 6 
488 17 2 15 23 3 12 
8 17 5 2 23 2 6 
24 115 5 28 278 29 23 
1 71 2 2 240 67 6 
37 61 402 64 519 430 23 
33 4 1 4 19 1 5 
10 610 59 44 10 5 7 
9 27 89 737 10 5 7 
7 112 5 2 929 67 6 
2 1 12 3 937 3 5 
33 39 30 79 104 731 36 
17 2 8 5 933 2 4 
103 110 30 172 188 169 79 
7 172 21 49 936 224 51 
1 27 89 19 10 5 593 
170 38 30 82 104 43 17 
32 39 30 82 118 43 17 
33 176 30 82 189 43 17 
33 38 128 82 104 43 17 
47 675 581 757 928 727 590 
47 676 582 758 928 727 590 
47 676 582 758 928 728 590 
33 38 30 79 679 35 17 
18 340 78 97 930 175 47 
250 677 31 18 134 531 60 
