2 2 1 3 7 1 5 
24 2 5 53 11 3 1 
7 17 2 15 205 3 12 
8 2 4 62 4 5 6 
37 61 29 28 74 24 6 
33 39 30 79 189 47 17 
7 17 5 2 314 3 6 
2 84 2 68 2 68 5 
2 1 1 3 7 7 5 
9 2 4 62 4 3 6 
2 1 1 3 2 224 5 
2 4 1 2 7 3 5 
9 25 2 10 22 5 6 
2 21 5 2 11 8 6 
14 17 5 2 11 8 6 
10 4 16 19 10 5 7 
62 114 5 2 2 1 5 
103 84 2 10 119 178 26 
130 86 88 245 288 129 76 
33 38 66 115 113 35 17 
33 39 134 174 104 47 17 
135 188 69 113 270 43 152 
33 39 65 79 104 85 17 
9 17 5 10 350 3 3 
9 2 1 10 22 3 6 
9 2 2 10 10 59 5 
55 17 5 53 11 3 6 
55 17 2 2 86 3 1 
7 53 5 10 11 3 3 
7 2 2 72 22 102 6 
