24 171 2 2 89 59 6 
2 2 42 4 90 25 127 
28 34 27 33 45 36 129 
14 17 5 2 2 3 6 
2 4 5 93 11 201 6 
8 1 2 2 11 12 6 
24 25 2 10 22 3 6 
2 20 1 3 2 1 6 
18 33 22 18 139 17 128 
7 17 5 10 2 177 6 
35 5 9 5 8 2 2 
17 2 9 5 8 2 4 
64 22 20 100 134 94 16 
2 43 84 105 236 25 57 
17 43 8 5 8 2 80 
80 22 20 189 134 111 16 
103 110 103 140 188 164 79 
87 39 30 82 188 44 74 
7 71 2 62 11 12 6 
33 66 30 139 189 44 17 
2 2 29 64 238 3 35 
8 17 29 28 17 67 6 
33 168 65 79 104 35 17 
33 169 30 82 189 56 17 
8 15 29 28 10 67 6 
2 75 4 48 11 34 1 
33 39 30 82 113 164 17 
124 39 30 82 113 35 17 
124 39 30 79 104 35 41 
17 2 8 5 8 197 4 
