81 155 30 265 231 220 93 
33 155 30 265 231 220 93 
32 66 66 82 163 43 68 
32 66 66 82 104 43 17 
66 124 30 82 113 44 17 
33 39 30 139 189 43 17 
34 93 16 1 30 1 17 
33 66 30 82 113 56 17 
33 66 30 82 189 47 74 
33 28 30 82 113 56 17 
81 15 30 265 231 220 93 
81 104 69 113 11 43 67 
81 39 30 82 113 44 17 
81 39 128 82 113 47 38 
87 39 30 140 189 44 74 
87 124 30 192 113 44 74 
33 39 30 82 104 56 68 
33 39 30 139 189 47 74 
33 39 30 82 113 47 74 
33 39 30 82 113 47 36 
33 39 30 82 113 35 36 
33 39 30 82 163 44 74 
33 39 30 192 189 44 17 
33 39 30 140 104 35 17 
123 21 175 82 273 234 185 
33 39 122 82 113 77 17 
33 39 134 82 113 117 36 
33 38 134 240 104 117 17 
47 55 5 10 258 48 8 
49 66 66 79 163 43 17 
