4 7 10 481 1 7 1 
37 15 4 482 600 25 35 
9 17 5 10 350 3 360 
2 15 4 28 527 29 35 
22 61 29 38 141 60 40 
322 116 88 124 162 126 76 
33 39 30 82 104 7 17 
8 10 2 2 11 498 6 
2 115 4 28 90 25 35 
321 2 3 4 5 9 3 
2 2 5 3 2 1 5 
1 3 6 4 3 491 3 
4 7 10 4 42 292 1 
288 81 50 99 174 76 52 
76 22 77 189 1 101 16 
76 22 77 189 10 101 16 
4 7 10 4 74 7 1 
4 7 10 4 332 7 1 
2 1 1 3 42 1 5 
37 52 4 26 1 29 23 
2 21 5 3 11 1 5 
9 2 4 62 1 5 6 
4 7 40 4 74 7 1 
4 7 348 4 176 7 1 
2 15 4 3 1 25 35 
2 61 4 64 4 7 23 
9 25 2 10 19 3 6 
4 7 10 4 593 7 1 
2 61 4 64 10 7 23 
2 1 1 3 4 1 3 
