18 420 22 18 205 17 6 
2 1 5 3 2 100 5 
2 15 4 64 777 1 1 
33 39 30 82 113 588 17 
33 110 30 82 113 47 41 
103 195 30 140 104 164 79 
33 38 30 82 889 43 17 
53 38 30 79 104 43 17 
64 22 77 143 134 153 16 
27 93 72 104 124 381 126 
4 4 40 4 42 51 1 
22 7 4 28 141 25 35 
83 84 5 10 89 3 46 
33 176 30 79 619 47 17 
7 1 2 71 2 3 6 
7 661 5 2 10 3 1 
4 7 564 4 1 7 1 
7 1 2 83 891 3 6 
467 39 103 79 104 35 17 
1 2 3 4 5 9 564 
2 1 12 3 892 1 5 
80 98 72 733 116 258 6 
2 432 4 64 90 7 563 
157 39 30 79 668 697 17 
4 7 10 4 238 7 1 
4 7 10 4 42 702 1 
9 114 16 10 526 335 3 
7 17 2 10 11 3 12 
8 2 2 212 894 253 147 
33 39 566 79 113 35 17 
