2 15 4 10 688 42 57 
1 61 4 38 517 59 6 
2 1 12 385 2 1 5 
8 10 2 2 19 12 6 
33 131 79 115 104 43 17 
22 61 80 295 372 99 35 
292 66 4 82 113 206 17 
6 4 334 2 2 1 5 
33 176 4 115 113 43 17 
18 22 22 98 205 301 16 
150 1 5 3 2 7 5 
9 25 2 10 22 3 5 
4 7 343 4 1 7 1 
18 70 22 18 205 7 16 
4 81 50 99 120 76 52 
233 7 10 4 1 7 1 
2 2 1 80 7 7 5 
22 4 1 2 7 1 5 
2 1 1 3 2 1 282 
10 4 107 137 120 76 1 
2 1 1 284 2 1 3 
4 7 343 481 1 7 1 
4 7 40 481 42 51 1 
166 2 80 62 4 5 335 
76 2 78 18 138 269 31 
2 1 12 3 2 298 5 
64 22 77 98 138 320 16 
2 1 1 283 2 1 3 
10 7 10 4 1 1 1 
2 1 1 3 2 1 351 
