ST	aspA	glnA	gltA	glyA	pgm	tkt	uncA
1	2	1	54	3	4	1	5
2	4	7	51	4	1	7	1
3	3	2	5	10	11	11	6
4	10	11	16	7	10	5	7
5	7	2	5	2	10	3	6
6	63	34	27	33	45	5	7
7	8	10	2	2	14	12	6
8	2	1	1	3	2	1	6
9	1	6	22	24	12	7	1
10	2	59	4	38	17	12	5
11	48	7	10	4	1	7	1
12	7	1	5	2	11	3	6
13	2	1	1	9	2	1	5
14	9	2	55	62	4	5	6
15	6	4	13	2	2	1	5
16	1	3	6	4	3	3	6
17	9	2	4	6	4	5	6
18	2	1	13	3	2	1	5
19	2	1	5	3	2	1	5
20	2	1	5	3	2	4	5
21	2	1	1	3	2	1	5
22	1	3	6	4	3	3	3
23	1	5	9	5	8	8	2
24	2	1	12	6	2	1	5
25	4	7	10	1	1	7	1
26	14	18	5	2	11	3	6
27	1	2	42	85	11	9	8
28	64	19	20	77	94	54	16
29	8	1	17	3	16	1	1
30	2	1	6	9	11	1	14
31	2	20	12	3	2	1	5
32	2	1	2	3	2	1	10
33	2	1	12	3	17	1	5
34	2	15	11	6	17	12	5
35	2	16	2	2	6	1	5
36	1	4	19	2	6	3	17
37	7	17	2	2	18	3	6
38	2	4	2	2	6	1	5
39	2	3	2	11	19	3	6
40	9	2	5	15	89	3	1
41	16	2	16	62	3	9	8
42	1	2	3	4	5	9	3
43	2	1	5	3	4	1	5
44	8	1	6	3	2	1	1
45	4	7	10	4	1	7	1
46	2	21	5	3	2	1	5
47	2	1	1	5	2	1	5
48	2	4	1	2	7	1	5
49	3	1	5	17	11	11	6
50	2	1	12	3	2	1	5
51	7	17	2	15	23	3	12
52	9	25	2	10	22	3	6
53	2	1	21	3	2	1	5
54	17	2	9	5	24	2	4
55	10	23	16	19	6	18	7
56	2	4	27	25	11	3	5
57	33	39	30	2	6	47	17
58	19	24	23	20	26	16	15
59	18	22	22	18	25	17	16
60	1	4	2	16	6	3	17
61	1	4	2	2	6	3	17
62	20	26	24	21	27	19	18
63	9	17	2	10	22	3	6
64	1	6	15	24	12	28	1
65	2	15	4	6	17	12	19
66	2	4	5	2	7	1	5
67	2	1	12	3	2	25	5
68	4	7	10	4	32	7	6
69	2	1	27	3	33	1	5
70	9	25	2	10	95	3	6
71	22	15	4	64	17	1	35
72	1	4	2	2	29	3	20
73	21	2	9	5	30	23	21
74	17	1	4	5	6	2	4
75	2	1	1	3	20	1	5
76	2	1	1	3	20	20	5
77	4	7	10	4	31	1	1
78	1	3	6	4	9	3	3
79	2	4	1	2	7	7	5
80	1	6	7	2	8	6	3
81	2	4	2	2	6	3	17
82	7	1	2	2	4	3	6
83	10	27	43	7	6	18	7
84	24	2	2	15	23	75	12
85	57	71	53	62	1	67	6
86	2	1	12	2	2	1	5
87	6	4	12	3	2	1	5
88	4	7	10	4	36	28	1
89	4	7	10	55	42	51	1
90	2	1	1	3	2	27	5
91	23	4	1	2	6	3	5
92	2	15	28	26	38	29	23
93	1	4	2	2	6	3	6
94	4	7	10	1	1	1	1
95	2	4	1	2	7	1	6
96	2	4	5	2	2	30	5
97	4	7	10	4	1	1	1
98	2	32	1	2	7	1	5
99	1	6	7	2	7	32	3
100	2	7	9	4	1	30	1
101	10	31	7	2	39	31	3
102	2	1	1	3	41	1	3
103	1	4	2	3	6	3	19
104	2	1	1	3	7	1	5
105	7	1	1	3	42	1	5
106	2	29	4	27	10	3	5
107	4	1	1	3	4	1	5
108	23	20	1	3	2	1	5
109	2	7	10	4	1	7	5
110	2	1	1	3	10	1	5
111	2	22	21	3	2	34	5
112	2	1	6	3	2	1	24
113	24	30	2	2	11	3	6
114	2	1	1	27	2	1	5
115	27	33	22	31	43	9	1
116	26	7	10	5	1	7	21
117	1	6	29	29	40	32	3
118	4	1	12	2	2	1	1
119	8	1	21	3	2	1	5
120	2	4	2	2	2	1	25
121	1	4	2	4	3	1	6
122	6	4	5	2	2	1	5
123	2	6	8	5	8	25	1
124	2	1	1	3	2	1	27
125	2	21	5	37	2	1	7
126	31	59	4	38	17	12	35
127	30	37	30	32	11	35	6
128	4	73	10	4	1	7	1
129	7	17	27	86	11	3	6
130	28	34	27	34	45	36	26
131	7	2	6	10	10	37	1
132	1	6	22	24	12	28	1
133	7	2	5	6	11	3	6
134	2	4	1	42	20	3	5
135	2	21	5	37	2	39	5
136	17	2	1	5	2	1	5
137	4	7	10	4	42	7	1
138	33	39	30	2	48	35	17
139	32	38	30	41	49	35	28
140	2	31	12	5	20	1	5
141	2	1	10	3	2	1	5
142	36	4	1	2	7	1	5
143	2	2	8	47	8	2	5
144	17	2	8	5	8	2	21
145	4	4	36	5	57	45	31
146	14	7	10	4	1	7	1
147	7	40	1	15	56	3	12
148	2	1	6	3	2	1	5
149	1	3	33	4	54	3	3
150	4	38	30	15	12	44	1
151	4	42	30	4	51	43	1
152	1	6	7	2	40	42	29
153	1	41	7	2	40	32	3
154	31	1	12	3	2	32	21
155	34	4	2	43	13	3	6
156	42	1	5	17	11	11	6
157	2	1	2	45	2	1	5
158	10	27	5	44	52	41	17
159	1	4	8	2	6	3	5
160	2	21	35	46	53	1	5
161	14	21	2	10	86	3	6
162	28	34	27	33	45	36	26
163	9	2	4	10	4	5	6
164	2	20	1	3	2	1	1
165	2	1	12	48	2	1	32
166	35	5	11	3	38	25	2
167	38	1	1	3	2	1	5
168	4	7	10	4	42	7	5
169	2	1	1	3	6	1	5
170	8	2	5	62	2	5	1
171	10	7	10	2	1	7	1
172	8	25	2	10	22	3	6
173	4	44	10	4	1	7	1
174	23	4	5	30	7	1	5
175	39	5	9	4	8	46	21
176	37	2	9	2	8	46	23
177	17	2	8	5	8	2	4
178	2	45	2	4	19	3	1
179	1	6	7	2	40	32	3
180	1	7	10	2	1	7	1
181	4	46	4	5	4	5	1
182	27	33	22	3	43	9	1
183	27	31	34	5	57	45	31
184	2	1	21	3	2	1	1
185	2	1	1	3	1	1	5
186	2	1	1	3	1	1	3
187	2	2	5	3	58	1	5
188	2	1	1	3	2	1	1
189	4	7	10	4	2	1	5
190	2	1	5	3	2	3	5
191	2	1	5	3	7	3	1
192	7	35	5	50	2	1	6
193	2	1	21	3	20	1	7
194	17	4	1	2	8	1	5
195	40	4	2	2	6	3	5
196	17	5	9	5	8	2	6
197	75	2	4	62	4	5	6
198	17	47	36	5	8	2	1
199	35	5	9	5	8	46	2
200	41	43	9	5	8	46	3
201	4	1	12	3	2	1	5
202	7	28	4	28	17	1	12
203	17	7	10	30	1	7	4
204	13	3	6	4	3	3	3
205	2	4	1	2	7	51	5
206	2	21	5	37	2	1	5
207	42	4	1	2	7	1	5
208	26	2	9	51	8	46	5
209	27	33	29	49	43	9	1
210	4	21	5	3	7	1	5
211	2	20	1	37	2	1	5
212	4	20	1	37	2	1	5
213	3	4	1	2	7	1	5
214	17	1	12	49	2	1	4
215	2	2	9	51	8	46	5
216	2	48	34	4	42	3	1
217	7	1	1	4	7	1	2
218	4	20	21	37	2	1	5
219	1	4	2	2	6	3	1
220	1	6	29	2	40	32	3
221	2	21	5	2	2	1	5
222	2	21	5	2	59	1	5
223	7	17	1	15	23	1	12
224	2	10	10	2	42	49	6
225	4	1	5	3	7	1	5
226	7	1	1	56	11	1	26
227	2	4	5	2	2	1	5
228	2	7	40	4	42	7	1
229	2	21	5	54	59	1	5
230	4	7	41	4	42	7	1
231	4	20	5	37	2	1	5
232	1	21	5	37	2	1	5
233	2	7	10	4	1	7	1
234	8	2	5	53	17	3	1
235	2	7	40	52	42	51	1
236	3	4	1	4	19	1	5
237	4	7	5	4	42	7	1
238	2	22	21	3	2	7	5
239	2	1	5	3	2	1	6
240	2	21	22	4	1	7	5
241	4	7	10	4	1	7	5
242	4	7	10	2	1	7	1
243	4	7	10	3	42	7	1
244	2	7	10	4	42	51	1
245	2	25	2	10	22	3	6
246	4	21	1	37	2	1	5
247	4	7	34	57	42	51	1
248	2	4	14	4	3	3	6
249	4	1	21	3	2	1	5
250	2	7	39	4	42	3	1
251	2	1	5	2	2	1	5
252	29	21	1	3	2	1	5
253	2	7	10	4	42	7	1
254	3	22	5	17	11	11	6
255	2	4	5	2	2	51	5
256	9	2	4	63	4	5	6
257	9	2	4	62	4	5	6
258	8	1	6	9	2	1	1
259	2	1	21	9	2	1	5
260	2	1	5	3	61	1	5
261	9	1	1	10	22	3	6
262	2	1	1	3	2	1	3
263	23	51	2	2	6	3	5
264	2	1	21	3	2	2	5
265	19	24	42	20	62	52	33
266	2	1	5	3	2	54	5
267	4	7	40	4	42	51	1
268	43	1	1	3	2	1	6
269	1	50	3	4	5	9	3
270	10	27	43	19	6	18	7
271	2	1	5	37	2	1	5
272	2	1	5	20	2	53	5
273	2	21	5	37	60	1	5
274	23	1	1	3	2	2	3
275	2	1	47	3	2	1	3
276	2	21	5	37	62	1	5
277	2	21	5	66	20	1	5
278	22	15	4	64	17	25	35
279	1	2	3	67	5	9	3
280	2	1	5	3	2	10	5
281	2	4	1	2	64	1	5
282	2	1	5	3	63	15	5
283	2	7	40	4	42	51	1
284	54	39	48	3	2	44	5
285	10	54	43	19	10	5	7
286	9	1	4	62	4	5	6
287	8	4	5	2	2	58	5
288	6	25	2	10	11	3	6
289	6	17	5	2	10	59	6
290	2	21	5	3	23	1	5
291	8	7	10	4	42	51	1
292	8	21	5	3	2	1	5
293	2	1	12	3	59	1	5
294	47	2	4	62	4	5	6
295	47	7	10	4	1	1	1
296	47	21	5	3	23	1	5
297	24	11	5	10	11	3	8
298	9	1	12	3	2	1	5
299	1	4	5	2	2	1	5
300	7	1	1	3	2	1	3
301	9	17	5	10	2	1	3
302	2	1	5	10	2	1	1
303	2	17	2	15	23	3	12
304	6	2	42	4	98	58	34
305	9	53	2	10	11	3	3
306	47	21	2	2	11	3	6
307	2	55	5	10	4	59	8
308	4	55	5	10	4	3	8
309	9	11	5	3	4	3	8
310	8	10	2	75	11	12	6
311	1	4	2	4	3	3	6
312	14	45	2	4	19	3	6
313	7	2	4	62	4	1	6
314	2	4	21	3	2	1	5
315	2	21	1	3	72	1	5
316	9	2	4	62	4	1	6
317	2	56	21	3	2	1	5
318	55	21	45	71	11	37	3
319	2	2	5	62	4	5	1
320	9	7	10	4	1	7	1
321	1	2	12	4	5	1	3
322	56	4	5	2	74	1	5
323	2	64	5	2	59	1	5
324	57	17	2	2	11	12	6
325	7	28	4	28	84	34	35
326	8	10	2	2	82	12	6
327	51	37	5	65	2	56	5
328	4	7	14	4	1	9	1
329	7	17	5	10	11	7	6
330	2	1	5	3	83	1	5
331	24	2	5	72	75	5	39
332	62	4	5	2	74	1	5
333	2	1	21	2	2	1	5
334	4	7	40	4	42	7	1
335	8	2	5	53	23	3	1
336	2	1	1	10	2	1	5
337	43	7	10	61	2	7	1
338	23	4	1	2	7	1	5
339	8	4	2	2	11	12	6
340	22	1	1	3	2	1	5
341	46	1	5	3	2	1	1
342	46	1	1	5	2	1	5
343	4	1	5	3	2	1	5
344	7	4	5	2	70	1	5
345	2	1	5	69	2	1	1
346	9	4	5	2	69	1	5
347	9	1	21	3	2	1	5
348	33	1	21	3	2	1	5
349	62	2	5	68	11	55	1
350	7	4	6	68	93	3	46
351	22	1	12	3	59	1	5
352	1	4	2	2	6	3	38
353	7	17	5	2	10	3	6
354	8	10	2	2	11	12	6
355	2	4	1	2	7	1	14
356	14	17	5	2	11	3	6
357	3	39	32	79	79	43	17
358	1	4	2	2	76	3	17
359	8	10	2	2	11	12	43
360	1	10	2	2	6	3	17
361	9	2	2	62	4	5	6
362	1	2	49	4	11	66	8
363	2	17	5	2	11	3	6
364	9	21	2	2	83	3	1
365	1	2	14	4	5	9	3
366	4	2	4	62	4	5	6
367	2	2	4	62	4	5	6
368	9	1	10	3	2	1	5
369	9	1	1	3	2	1	3
370	9	59	4	38	17	12	35
371	14	59	4	38	17	12	35
372	7	2	4	62	4	5	6
373	2	21	1	3	7	1	5
374	7	61	4	38	77	60	40
375	2	4	2	2	23	1	5
376	2	2	1	3	2	1	5
377	2	4	1	2	87	1	5
378	26	2	8	51	40	69	5
379	14	21	2	10	11	3	6
380	7	2	6	10	78	37	1
381	2	1	1	3	11	1	5
382	2	4	1	4	19	63	5
383	4	7	12	4	42	51	1
384	7	60	6	62	11	67	6
385	9	2	4	62	80	5	6
386	2	21	5	70	23	1	5
387	2	58	12	3	2	1	5
388	43	1	1	3	2	1	5
389	1	4	2	61	3	3	6
390	24	2	2	15	66	3	12
391	44	17	5	2	11	3	6
392	43	17	2	10	23	68	5
393	24	17	2	10	23	68	5
394	1	4	2	2	59	3	17
395	7	17	5	2	67	3	6
396	2	63	1	3	7	1	5
397	9	62	4	62	4	5	6
398	1	2	3	4	20	9	3
399	4	7	14	4	1	7	1
400	8	17	5	2	10	59	6
401	55	74	2	71	11	37	3
402	1	57	3	4	5	9	3
403	10	27	16	19	10	5	7
404	7	17	5	2	2	3	6
405	7	17	5	2	10	3	5
406	2	7	1	3	20	5	1
407	60	69	52	10	11	3	6
408	1	7	10	4	1	7	1
409	2	17	21	3	2	1	1
410	10	27	16	19	80	5	7
411	2	15	4	38	17	12	35
412	8	10	2	2	11	70	6
413	4	25	2	10	22	3	6
414	8	4	1	2	7	1	5
415	10	62	43	19	6	5	7
416	2	4	1	2	73	1	5
417	1	4	2	80	6	3	17
418	4	7	2	4	1	7	1
419	8	4	1	2	85	51	5
420	9	1	1	3	2	1	5
421	9	2	4	62	22	5	6
422	2	1	5	3	2	5	5
423	9	1	1	3	42	7	5
424	3	4	5	2	74	1	5
425	2	2	2	2	2	3	17
426	9	7	10	4	4	14	1
427	9	24	42	20	62	52	33
428	9	25	16	10	22	3	6
429	7	4	5	2	11	1	5
430	10	27	16	19	17	5	7
431	2	2	4	38	10	12	35
432	1	4	2	2	6	1	17
433	2	59	4	38	17	12	35
434	1	2	4	6	4	5	6
435	10	27	43	19	10	5	7
436	7	21	5	62	4	61	44
437	33	39	30	79	39	43	17
438	33	39	2	2	81	35	17
439	47	55	5	10	102	87	8
440	24	17	2	10	23	3	12
441	7	1	2	83	2	3	6
442	7	4	5	4	2	9	5
443	24	17	2	15	23	3	12
444	48	52	34	28	90	1	1
445	53	38	30	81	65	71	36
446	47	55	5	10	11	68	8
447	1	2	42	4	3	40	3
448	61	70	22	18	2	74	47
449	7	71	5	62	11	67	6
450	47	55	5	10	11	48	8
451	2	1	2	3	2	3	5
452	7	17	12	2	10	3	6
453	2	17	1	2	7	1	5
454	2	1	1	5	22	1	8
455	2	1	12	3	2	12	5
456	59	1	12	3	92	1	5
457	7	4	5	2	13	3	26
458	8	1	12	4	3	3	3
459	1	2	3	3	5	9	3
460	24	30	2	2	89	59	6
461	24	65	2	2	89	59	6
462	7	17	5	2	11	3	6
463	24	17	2	15	23	12	12
464	24	2	2	2	10	3	1
465	2	1	1	3	2	54	5
466	2	1	5	2	11	1	26
467	3	1	5	84	11	11	6
468	10	2	50	62	91	73	45
469	1	2	3	4	5	9	6
470	17	43	8	5	8	2	21
471	7	21	5	37	2	1	5
472	2	4	2	72	11	12	6
473	2	15	1	2	7	1	5
474	2	4	1	2	2	1	5
475	2	4	1	4	19	62	5
476	2	3	2	2	6	1	5
477	8	4	2	2	6	1	25
478	1	32	2	2	6	1	17
479	1	4	2	6	6	3	17
480	1	4	2	43	6	3	17
481	14	1	6	2	2	1	1
482	2	1	1	3	2	1	25
483	11	7	10	1	1	7	1
484	7	26	4	2	4	12	40
485	10	24	10	2	42	7	1
486	2	2	1	2	2	1	5
487	7	1	5	3	2	1	5
488	22	2	27	9	75	1	5
489	2	2	21	3	2	1	5
490	2	1	1	83	7	1	5
491	8	17	2	83	2	12	6
492	2	1	1	2	7	1	5
493	10	1	59	19	10	7	5
494	68	4	2	2	6	3	17
495	67	2	42	4	4	25	8
496	9	1	4	6	4	5	6
497	1	4	58	4	3	3	3
498	2	21	4	38	17	25	35
499	1	1	42	4	3	58	3
500	3	4	2	2	6	3	17
501	1	2	3	4	29	9	3
502	43	1	1	3	2	1	25
503	9	17	2	2	2	1	5
504	1	3	6	4	11	3	3
505	43	4	1	2	7	1	5
506	2	72	4	48	103	34	1
507	2	1	21	89	2	1	5
508	1	6	60	24	12	28	1
509	4	7	10	2	96	51	1
510	2	1	1	3	2	78	5
511	1	71	5	5	11	67	1
512	2	3	6	4	3	3	3
513	4	2	4	6	4	5	6
514	4	7	10	6	1	7	1
515	2	7	10	4	5	7	1
516	1	4	1	2	7	1	5
517	2	2	3	4	5	9	3
518	1	1	1	3	2	1	5
519	1	1	1	3	2	1	3
520	2	1	12	88	2	1	5
521	17	2	8	5	99	2	4
522	2	1	21	9	2	57	5
523	2	4	1	93	11	3	6
524	8	17	5	2	10	3	1
525	7	2	5	10	11	37	1
526	2	15	4	27	13	80	23
527	7	77	5	2	10	3	6
528	74	10	2	2	11	12	6
529	4	79	10	4	42	51	1
530	9	2	2	10	86	59	5
531	2	71	5	62	11	67	6
532	9	2	4	62	105	5	6
533	9	17	2	94	86	3	6
534	7	78	42	95	106	12	8
535	9	30	2	2	89	59	6
536	2	17	12	3	2	1	5
537	2	17	5	2	11	81	6
538	4	7	10	4	42	25	1
539	8	32	2	71	22	3	6
540	7	1	5	3	2	1	6
541	2	3	1	2	7	1	5
542	57	17	2	66	11	12	6
543	2	2	5	71	2	1	5
544	7	1	21	3	2	1	1
545	1	3	5	4	3	3	3
546	4	7	40	4	1	13	5
547	6	17	1	15	23	3	12
548	7	3	1	4	10	1	5
549	25	62	43	19	6	22	7
550	10	27	43	19	4	22	7
551	10	27	25	4	10	22	7
552	10	27	59	4	10	5	7
553	10	27	16	4	6	22	7
554	1	27	2	2	6	3	28
555	33	39	65	79	111	7	17
556	10	27	43	19	10	18	7
557	10	27	25	19	10	3	7
558	10	62	43	7	6	5	7
559	2	1	5	9	2	54	5
560	9	2	4	62	4	5	3
561	2	1	21	4	2	1	5
562	2	21	5	37	2	1	1
563	17	5	8	5	8	2	4
564	4	7	40	92	42	51	1
565	9	2	4	38	4	5	6
566	2	59	4	62	17	12	35
567	1	3	6	4	3	3	1
568	1	4	64	2	6	3	17
569	2	80	5	3	2	3	5
570	3	1	5	17	2	11	6
571	7	53	2	3	11	3	3
572	62	4	5	2	2	1	5
573	7	28	4	28	17	34	12
574	7	53	2	10	11	3	3
575	1	2	1	4	5	9	3
576	18	70	68	97	115	86	47
577	2	4	1	3	2	1	5
578	1	4	2	2	2	3	17
579	65	7	40	4	42	51	1
580	2	4	1	2	103	1	5
581	7	15	5	62	67	3	6
582	7	4	6	4	93	3	46
583	4	7	10	4	42	51	1
584	8	2	5	62	4	5	1
585	69	74	61	6	97	89	48
586	1	2	42	4	98	58	34
587	1	2	42	4	90	25	8
588	1	82	5	90	2	88	1
589	4	7	10	4	1	79	1
590	1	2	3	4	5	1	5
591	10	31	63	91	101	9	49
592	71	1	5	3	2	1	5
593	2	55	1	2	7	1	5
594	4	7	10	4	42	1	1
595	7	2	1	2	10	3	6
596	2	1	5	3	2	90	5
597	2	76	2	3	2	1	5
598	10	27	16	19	5	7	5
599	1	4	27	25	11	3	5
600	14	1	2	10	86	3	6
601	73	4	2	2	19	3	6
602	2	76	2	3	2	62	5
603	8	1	1	3	2	1	1
604	1	2	3	27	5	9	3
605	10	27	16	19	10	22	7
606	24	21	2	2	89	59	6
607	8	2	5	53	11	3	1
608	10	81	50	87	3	76	52
609	24	2	5	72	2	5	39
610	6	4	56	2	2	1	5
611	62	4	5	2	95	1	5
612	2	1	5	58	11	50	6
613	62	4	5	2	11	1	5
614	73	21	2	10	86	3	6
615	7	1	1	3	2	1	5
616	43	1	5	3	2	1	5
617	2	3	6	4	2	3	5
618	1	4	2	2	6	3	5
619	2	32	2	2	6	1	6
620	1	4	2	4	6	9	17
621	2	1	5	3	2	1	3
622	1	4	1	2	6	3	6
623	4	7	10	4	1	1	6
624	14	35	27	4	11	12	5
625	58	7	40	4	42	3	38
626	2	1	5	3	2	1	1
627	2	2	2	2	11	5	6
628	1	4	2	2	6	3	42
629	1	2	3	4	5	3	3
630	4	7	40	4	2	7	1
631	7	17	2	15	6	3	12
632	4	2	3	4	5	9	3
633	4	7	41	4	2	7	1
634	1	2	4	4	5	9	3
635	2	1	21	3	6	1	5
636	1	3	2	2	6	3	1
637	10	33	22	49	43	82	31
638	7	2	3	4	2	9	3
639	1	1	2	3	6	1	3
640	4	1	1	3	2	1	5
641	43	1	1	3	2	9	5
642	2	2	1	9	2	1	3
643	1	2	3	4	5	11	6
644	2	28	4	28	17	34	12
645	31	4	5	2	2	1	5
646	33	39	30	82	1	47	17
647	33	39	30	82	113	47	3
648	33	39	30	82	113	47	1
649	2	4	1	4	19	92	5
650	1	6	60	24	12	28	53
651	1	3	6	4	10	91	3
652	9	7	10	4	42	7	1
653	9	17	2	2	11	12	6
654	7	17	5	2	11	3	54
655	1	6	60	24	12	28	25
656	2	1	1	3	2	90	5
657	73	4	2	4	19	3	6
658	2	4	2	4	19	3	6
659	4	7	10	4	117	7	1
660	1	3	6	4	54	91	3
661	2	75	4	48	103	34	1
662	4	7	34	4	42	7	1
663	24	30	2	2	89	93	6
664	10	62	43	19	6	5	1
665	4	7	6	3	2	7	1
666	8	1	6	3	17	1	1
667	2	75	5	48	2	34	1
668	2	1	12	3	22	1	5
669	9	25	2	10	1	3	6
670	77	30	2	2	89	59	6
671	2	3	5	2	1	7	6
672	4	7	10	4	2	20	1
673	17	2	8	5	2	2	4
674	2	4	2	2	8	1	5
675	4	7	10	4	7	1	1
676	2	4	1	2	1	1	5
677	10	81	50	99	120	76	52
678	10	1	50	99	120	76	52
679	4	7	70	4	1	7	1
680	76	93	72	104	124	96	31
681	35	43	9	5	8	46	21
682	26	2	9	51	8	46	21
683	35	43	9	5	121	46	21
684	64	85	71	100	121	3	55
685	17	2	8	5	121	46	21
686	17	2	9	51	121	46	21
687	26	43	9	101	121	46	21
688	9	2	21	9	2	1	5
689	1	2	3	4	2	9	3
690	2	52	57	26	107	29	5
691	2	59	4	27	126	24	23
692	37	52	57	26	127	29	23
693	2	29	4	48	13	24	57
694	2	59	4	105	126	25	23
695	7	2	73	49	125	97	51
696	2	1	4	28	58	25	58
697	2	61	4	48	13	25	57
698	2	61	4	48	22	98	23
699	37	52	57	26	129	29	23
700	2	59	74	27	128	25	23
701	37	15	4	105	126	25	23
702	2	52	29	48	127	99	23
703	2	52	29	48	2	99	23
704	2	29	4	27	10	25	57
705	2	52	29	48	127	25	23
706	4	7	10	4	42	29	1
707	37	52	57	26	130	29	23
708	7	1	73	49	125	97	51
709	2	29	4	105	131	24	57
710	37	29	75	48	126	25	23
711	2	61	4	64	22	25	23
712	4	1	1	3	1	1	5
713	12	53	2	10	11	3	3
714	33	7	10	4	1	7	1
715	1	75	4	48	103	34	1
716	8	7	4	4	1	7	1
717	9	2	5	62	4	5	1
718	2	1	5	62	2	5	6
719	2	2	4	3	14	1	5
720	7	16	6	4	1	3	3
721	2	2	10	4	2	7	1
722	2	1	6	3	4	1	1
723	7	7	2	2	11	12	6
724	7	7	2	2	10	3	6
725	9	2	2	2	1	3	1
726	2	2	10	4	7	71	1
727	1	28	4	28	11	34	12
728	4	53	2	10	10	3	3
729	4	10	2	2	13	12	6
730	4	10	2	2	10	12	6
731	4	4	5	2	22	12	6
732	9	9	2	10	10	3	6
733	4	4	52	10	1	3	6
734	4	4	10	4	2	7	1
735	4	7	73	3	1	6	6
736	9	7	5	4	42	7	1
737	1	2	4	62	4	5	6
738	9	4	1	2	7	1	5
739	4	4	1	2	7	1	5
740	8	4	4	96	103	34	1
741	9	21	2	2	89	59	6
742	7	1	1	9	7	1	5
743	1	17	2	15	23	3	12
744	4	1	1	3	7	1	5
745	9	28	4	28	17	34	12
746	57	28	1	28	17	34	12
747	4	2	4	28	4	5	6
748	8	1	1	62	7	1	5
749	4	4	1	3	7	1	5
750	9	7	10	2	1	7	1
751	7	7	40	4	42	7	1
752	8	1	5	4	2	1	5
753	8	7	40	3	42	7	1
754	8	7	10	4	1	7	1
755	2	7	10	1	1	7	1
756	24	7	10	62	42	7	1
757	1	94	6	4	2	3	3
758	1	1	3	4	5	9	3
759	1	1	6	4	3	3	3
760	2	1	52	3	2	100	5
761	2	1	1	4	2	1	5
762	2	2	4	48	103	34	1
763	2	7	1	3	2	1	5
764	4	7	10	4	1	101	1
765	4	60	10	4	1	7	1
766	4	17	10	4	1	7	1
767	4	1	10	4	1	7	1
768	7	2	5	72	22	102	6
769	7	3	2	15	23	3	12
770	7	1	6	62	11	67	6
771	7	2	2	15	23	3	6
772	7	17	2	15	132	3	12
773	8	1	2	10	11	12	6
774	8	75	2	2	11	12	6
775	9	25	2	10	23	3	6
776	9	4	4	62	4	5	6
777	9	10	4	62	4	5	6
778	27	95	22	107	133	86	16
779	60	69	1	10	11	3	6
780	62	4	5	2	2	1	59
781	79	55	1	10	2	68	6
782	4	2	10	4	1	7	1
783	2	17	1	3	7	1	5
784	4	7	61	100	42	7	16
785	2	29	4	48	131	24	23
786	37	29	75	48	126	99	23
787	80	96	22	100	134	103	16
788	2	61	4	64	22	25	6
789	10	82	62	106	3	32	50
790	18	33	72	100	116	104	6
791	7	97	5	2	135	68	26
792	4	7	40	4	1	51	1
793	64	33	68	98	1	17	16
794	10	81	50	87	120	76	52
795	2	21	5	77	2	1	5
796	9	25	2	10	22	3	16
797	2	1	1	3	2	1	17
798	2	4	4	2	6	1	5
799	18	89	77	109	122	86	16
800	27	2	22	104	43	86	62
801	64	70	68	97	122	106	16
802	18	100	22	104	113	105	6
803	18	85	22	104	113	105	6
804	2	102	2	2	6	1	5
805	76	33	77	104	2	109	31
806	2	1	1	3	140	3	5
807	18	22	77	98	2	86	16
808	18	22	22	18	138	86	16
809	18	22	77	98	6	86	16
810	18	22	22	110	137	17	60
811	76	101	22	104	116	86	16
812	1	98	22	18	116	10	47
813	2	4	2	2	2	1	5
814	2	75	4	48	141	34	1
815	2	1	5	3	3	1	5
816	24	75	4	48	141	34	1
817	7	75	4	28	17	34	12
818	35	2	8	51	121	46	21
819	4	7	10	5	1	7	1
820	1	4	2	4	6	3	17
821	22	103	4	28	11	110	6
822	2	1	79	3	2	1	5
823	8	1	6	3	10	1	1
824	9	2	2	2	11	5	6
825	33	39	30	82	113	47	17
826	33	39	30	114	104	35	17
827	33	39	30	82	104	56	17
828	33	39	30	82	104	43	17
829	33	39	30	82	113	43	17
830	33	39	30	79	104	47	17
831	33	39	66	82	104	44	41
832	33	39	30	79	113	43	17
833	44	106	29	28	136	1	35
834	64	105	20	77	94	113	16
835	64	33	76	108	146	107	61
836	64	33	20	111	138	17	47
837	64	19	20	100	144	3	6
838	18	99	60	104	145	114	31
839	18	2	22	104	134	115	31
840	18	100	68	24	138	116	63
841	64	99	78	104	139	108	16
842	2	1	42	3	2	1	5
843	2	1	12	5	2	1	5
844	2	4	1	3	7	1	5
845	4	7	73	4	1	7	1
846	2	4	1	2	5	1	5
847	2	17	2	3	11	1	5
848	1	3	2	16	6	3	7
849	55	21	27	10	147	37	6
850	2	4	1	2	7	2	5
851	64	22	71	98	94	118	5
852	2	4	2	2	6	3	65
853	10	27	43	19	6	18	6
854	33	38	30	82	104	43	17
855	33	39	30	79	104	35	17
856	2	1	1	3	2	1	66
857	9	2	4	6	4	5	8
858	2	2	5	2	2	1	5
859	7	17	2	15	11	3	12
860	33	39	30	79	113	47	17
861	2	1	42	3	148	1	5
862	47	55	5	10	11	3	8
863	8	2	5	53	2	3	1
864	1	4	2	117	6	3	17
865	19	24	23	20	26	16	5
866	33	110	30	116	104	47	41
867	33	38	30	115	104	85	17
868	81	104	81	113	143	119	67
869	18	109	82	24	138	61	16
870	2	111	21	3	2	1	5
871	33	108	30	79	104	85	17
872	33	39	30	82	113	44	17
873	7	17	5	2	149	26	6
874	8	17	2	15	150	3	12
875	47	4	5	10	23	120	8
876	24	1	2	2	10	3	1
877	7	112	42	62	11	67	6
878	9	2	2	2	11	61	6
879	8	1	6	3	11	1	1
880	7	112	5	62	23	67	6
881	9	17	52	10	10	3	1
882	7	4	5	68	93	3	46
883	2	17	2	3	2	1	5
884	2	29	5	2	5	1	5
885	7	17	2	15	151	3	12
886	53	38	83	82	104	43	17
887	33	38	30	82	104	85	68
888	32	39	30	82	104	44	36
889	33	39	30	82	113	47	41
890	33	38	30	82	104	35	36
891	33	39	30	118	104	64	17
892	33	38	30	115	113	43	17
893	33	39	30	78	104	35	36
894	33	39	65	82	113	47	17
895	82	38	30	82	104	35	36
896	33	38	30	78	104	122	17
897	53	39	44	82	118	44	36
898	32	42	30	82	104	43	17
899	33	39	30	82	113	35	17
900	32	38	30	82	152	35	17
901	33	39	30	79	104	43	41
902	33	39	30	79	104	43	17
903	33	39	32	79	104	47	17
904	24	2	5	53	23	3	1
905	2	15	4	3	154	25	35
906	2	4	1	2	7	1	7
907	2	1	5	17	7	11	6
908	2	2	2	4	17	3	6
909	42	1	5	17	2	11	6
910	22	25	2	10	22	3	6
911	1	2	3	4	42	9	3
912	2	1	1	88	2	1	5
913	1	2	3	27	5	9	6
914	4	2	9	5	8	46	21
915	3	1	5	17	1	11	6
916	2	1	21	3	2	123	5
917	2	21	1	3	2	1	5
918	2	4	1	4	19	1	5
919	7	53	2	15	11	3	3
920	10	27	16	119	10	5	7
921	1	3	6	4	3	3	69
922	1	1	2	83	2	3	6
923	24	30	2	2	1	59	6
924	7	2	5	53	11	3	1
925	2	25	12	3	2	1	5
926	2	20	1	3	140	3	5
927	2	1	1	19	140	3	5
928	9	2	4	62	4	5	38
929	9	2	4	62	4	5	17
930	7	2	5	3	3	2	6
931	8	17	5	2	11	59	6
932	10	27	59	19	10	79	7
933	10	1	59	19	10	5	7
934	1	1	59	2	10	5	7
935	33	39	30	115	104	35	42
936	9	112	5	2	11	3	6
937	7	17	5	2	156	3	6
938	7	84	1	10	157	1	6
939	7	2	5	2	156	3	6
940	2	4	27	122	11	3	5
941	42	63	2	66	6	1	5
942	2	28	4	120	155	34	35
943	2	114	1	3	2	1	70
944	85	100	22	18	158	86	72
945	84	106	29	28	136	1	35
946	64	33	78	111	138	17	47
947	76	33	77	104	43	109	31
948	1	4	16	2	6	3	5
949	47	22	77	98	122	86	16
950	18	99	15	104	145	114	31
951	18	100	82	24	138	116	63
952	18	22	77	98	122	86	16
953	18	100	22	104	133	105	6
954	64	33	22	98	123	124	16
955	2	4	2	2	6	3	5
956	4	1	1	3	2	1	3
957	23	2	3	4	5	9	3
958	2	75	80	48	142	34	1
959	76	22	72	123	116	125	16
960	86	39	88	82	104	127	76
961	89	104	69	113	143	128	67
962	33	39	30	82	104	47	36
963	33	39	30	82	161	56	17
964	88	86	86	82	162	126	75
965	87	86	30	82	113	44	74
966	33	39	30	79	112	47	17
967	10	27	43	19	6	5	7
968	2	1	5	3	2	54	8
969	8	10	2	10	11	12	6
970	4	3	6	4	3	3	3
971	24	21	2	15	89	59	6
972	4	7	21	4	4	7	1
973	2	4	1	4	1	62	5
974	22	15	4	4	11	3	35
975	4	21	2	10	86	3	6
976	7	53	40	10	11	3	3
977	22	61	4	64	74	25	23
978	47	55	5	10	23	120	8
979	4	7	10	4	11	7	1
980	22	15	29	64	74	25	23
981	1	2	10	4	2	25	8
982	2	1	2	3	2	1	5
983	48	7	10	4	168	7	1
984	2	1	21	3	2	1	78
985	10	27	89	19	10	132	7
986	91	2	42	4	169	9	8
987	9	17	5	10	167	3	6
988	92	1	12	3	2	1	5
989	93	30	2	2	89	59	6
990	9	2	4	62	4	133	6
991	37	52	57	26	107	29	23
992	2	59	4	27	126	29	23
993	37	15	29	112	127	25	57
994	37	1	29	28	58	25	58
995	2	4	84	105	126	25	57
996	2	29	84	48	131	25	57
997	76	33	78	104	43	109	31
998	4	8	10	4	1	7	1
999	64	22	85	142	134	101	16
1000	64	22	77	98	134	94	60